{
 "cells": [
  {
   "cell_type": "code",
   "execution_count": 1,
   "metadata": {},
   "outputs": [],
   "source": [
    "%load_ext autoreload\n",
    "%autoreload 2"
   ]
  },
  {
   "cell_type": "code",
   "execution_count": 2,
   "metadata": {},
   "outputs": [],
   "source": [
    "import torch\n",
    "import numpy as np\n",
    "from lie_vae.datasets import ToyDataset\n",
    "from lie_vae.blender_axes_wrapper import render_axes\n",
    "from lie_vae.vae import ChairsVAE\n",
    "from lie_vae.lie_tools import block_wigner_matrix_multiply, random_quaternions, quaternions_to_eazyz, \\\n",
    "    group_matrix_to_eazyz, group_matrix_to_quaternions, random_group_matrices, rodrigues, quaternions_to_group_matrix, vector_to_eazyz, SO3_coordinates\n",
    "from lie_vae.utils import expand_dim\n",
    "from sklearn.decomposition import PCA\n",
    "import matplotlib.pyplot as plt\n",
    "from mpl_toolkits.mplot3d import Axes3D\n",
    "from collections import OrderedDict\n",
    "\n",
    "torch.no_grad().__enter__()"
   ]
  },
  {
   "cell_type": "code",
   "execution_count": 3,
   "metadata": {},
   "outputs": [],
   "source": [
    "device = torch.device('cuda:0')\n",
    "# Dataset: https://drive.google.com/open?id=1uIbBbqDVlPNP047n4parVMJtOWj21pTJ\n",
    "dataset = ToyDataset()\n",
    "spectrum = dataset[0][1].to(device)\n",
    "\n",
    "def data_gen(g):\n",
    "    angles = quaternions_to_eazyz(group_matrix_to_quaternions(g))\n",
    "    return block_wigner_matrix_multiply(angles, expand_dim(spectrum, angles.shape[0]), 3)"
   ]
  },
  {
   "cell_type": "code",
   "execution_count": 4,
   "metadata": {},
   "outputs": [],
   "source": [
    "def circle(n, mu=None, device=None):\n",
    "    start = torch.zeros(1, 3, device=device)\n",
    "    end = torch.randn(1, 3, device=device)\n",
    "    end = end / end.norm() * 2 * np.pi\n",
    "    end = end + start\n",
    "    t = torch.linspace(0, 1, n).to(device)[:, None]\n",
    "    x = (1-t) * start + end * t\n",
    "    g = rodrigues(x)\n",
    "    g[0] = torch.eye(3, device=device)\n",
    "    if mu is not None:\n",
    "        if mu == 'random':\n",
    "            mu = random_group_matrices(1, device=device)[0]\n",
    "        g = expand_dim(mu, n).bmm(g)\n",
    "    return g\n",
    "\n",
    "def random_walk2(n, scale=0.1, start='random', device=None, qr_freq=None):\n",
    "    x = rodrigues(torch.randn(n-1, 3, device=device) * scale)\n",
    "    if start == 'random':\n",
    "        start = random_group_matrices(1, device=device)[0]\n",
    "    elif start == 'e':\n",
    "        start = torch.eye(3, device=device)\n",
    "    else:\n",
    "        raise ValueError()\n",
    "    gs = [start]\n",
    "    for i in range(n-1):\n",
    "        gs.append(gs[i] @ x[i])\n",
    "        \n",
    "        if qr_freq is not None and (i+1)%qr_freq == 0:\n",
    "            gs[-1] = torch.qr(gs[-1])[0]\n",
    "    \n",
    "    return torch.stack(gs, 0)\n",
    "\n",
    "def random_walk(n, scale=0.1, start='random', device=None, qr_freq=None, integrate=5):\n",
    "    alg = torch.randn(n, 3, device=device) * scale\n",
    "    for _ in range(integrate):\n",
    "        alg = torch.cumsum(alg, 0)\n",
    "    g = rodrigues(alg)\n",
    "    g[0] = torch.eye(3, device=device)\n",
    "    if start is not None:\n",
    "        if start == 'random':\n",
    "            start = random_group_matrices(1, device=device)[0]\n",
    "        g = expand_dim(start, n).bmm(g)\n",
    "    return g\n",
    "\n",
    "def repeated_colors(n, sections):\n",
    "    colors = ['tab:blue', 'tab:orange', 'tab:green', 'tab:red', 'tab:purple', 'tab:brown', 'tab:pink', 'tab:gray', 'tab:olive', 'tab:cyan']\n",
    "    repeats = int(np.ceil(n / sections))\n",
    "    return np.repeat(np.array(colors[:sections]), repeats)\n",
    "\n",
    "def discontinuities(x, zero_mean=False):\n",
    "    x = np.asarray(x)\n",
    "    d = x[1:]-x[:-1]\n",
    "    disc = (d**2).reshape((x.shape[0]-1, -1)).sum(1)\n",
    "    if zero_mean:\n",
    "        disc -= disc.mean()\n",
    "    return disc"
   ]
  },
  {
   "cell_type": "code",
   "execution_count": 5,
   "metadata": {},
   "outputs": [],
   "source": [
    "model_names = [\n",
    "    'toyl3-3-ae-action-q',\n",
    "    'toyl3-3-ae-action-alg',\n",
    "    'toyl3-3-ae-action-s2s2',\n",
    "    'toyl3-3-ae-action-s2s1',\n",
    "    'toyl3-3-ae-mlp-q',\n",
    "    'toyl3-3-ae-mlp-alg',\n",
    "    'toyl3-3-ae-mlp-s2s2',\n",
    "    'toyl3-3-ae-mlp-s2s1',\n",
    "    'toyl3-3-ae-action-normal3',\n",
    "    'toyl3-3-ae-mlp-normal30',\n",
    "    'toyl3-3-ae-mlp-normal3',\n",
    "    'toyl3-3-ae-action-vmfq',\n",
    "    'toyl3-3-ae-mlp-vmf',\n",
    "    'toyl3-3-vae-action-q',\n",
    "    'toyl3-3-vae-action-alg',\n",
    "    'toyl3-3-vae-action-s2s2',\n",
    "    'toyl3-3-vae-action-s2s1',\n",
    "    'toyl3-3-vae-mlp-q',\n",
    "    'toyl3-3-vae-mlp-alg',\n",
    "    'toyl3-3-vae-mlp-s2s2',\n",
    "    'toyl3-3-vae-mlp-s2s1',\n",
    "    'toyl3-3-vae-action-normal3',\n",
    "    'toyl3-3-vae-mlp-normal30',\n",
    "    'toyl3-3-vae-mlp-normal3',\n",
    "    'toyl3-3-vae-action-vmfq',\n",
    "    'toyl3-3-vae-mlp-vmf',\n",
    "]\n",
    "parts = [n.split('-')[2:] for n in model_names]\n",
    "\n",
    "models = OrderedDict()\n",
    "for name in model_names:\n",
    "    parts = name.split('-')[2:]\n",
    "    \n",
    "    normal_dims = 3\n",
    "    if parts[2] == 'normal3':\n",
    "        latent = 'normal'\n",
    "    elif parts[2] == 'normal30':\n",
    "        latent = 'normal'\n",
    "        normal_dims = 30\n",
    "    elif parts[2] in ['s2s2', 'alg', 's2s1', 'q']:\n",
    "        latent = 'so3'\n",
    "    elif parts[2] in ['vmf', 'vmfq']:\n",
    "        latent = parts[2]\n",
    "    else:\n",
    "        raise RuntimeError()\n",
    "    \n",
    "    model = ChairsVAE(\n",
    "        latent_mode=latent,\n",
    "        mean_mode=parts[2],\n",
    "        decoder_mode=parts[1],\n",
    "        encode_mode='toy',\n",
    "        deconv_mode='toy',\n",
    "        rep_copies=3,\n",
    "        degrees=3,\n",
    "        deterministic=(parts[0] == 'ae'),\n",
    "        single_id=True,\n",
    "        normal_dims=normal_dims\n",
    "    ).to(device)\n",
    "    model.load_state_dict(torch.load('outputs/'+name+'/model.pickle'))\n",
    "    \n",
    "    models['-'.join(parts)] = model"
   ]
  },
  {
   "cell_type": "code",
   "execution_count": 6,
   "metadata": {},
   "outputs": [],
   "source": [
    "g = circle(1000, 'random', device=device)\n",
    "# g = random_walk(1000, start='random', scale=1E-12, device=device, qr_freq=1)"
   ]
  },
  {
   "cell_type": "code",
   "execution_count": 7,
   "metadata": {},
   "outputs": [
    {
     "name": "stdout",
     "output_type": "stream",
     "text": [
      "[[[0.20017758011817932, 0.8779788017272949, -0.4348357915878296], [-0.1370965540409088, -0.41435161232948303, -0.8997317552566528], [-0.9701203107833862, 0.2397206723690033, 0.0374239981174469]], [[0.2034047245979309, 0.8760539889335632, -0.4372138977050781], [-0.13328707218170166, -0.4176160991191864, -0.898794412612915], [-0.9699799418449402, 0.24109403789043427, 0.03182162716984749]], [[0.2066407948732376, 0.8741159439086914, -0.43956905603408813], [-0.12948636710643768, -0.4208817481994629, -0.8978261947631836], [-0.9698106646537781, 0.24244579672813416, 0.02621479518711567]], [[0.20988571643829346, 0.8721648454666138, -0.4419011175632477], [-0.12569458782672882, -0.4241485297679901, -0.8968271613121033], [-0.969612717628479, 0.2437758594751358, 0.02060372568666935]], [[0.21313932538032532, 0.8702006340026855, -0.4442099928855896], [-0.1219119131565094, -0.42741626501083374, -0.8957973122596741], [-0.9693859219551086, 0.24508416652679443, 0.014988633804023266]], [[0.21640150249004364, 0.8682234883308411, -0.44649559259414673], [-0.11813843250274658, -0.4306848645210266, -0.8947367072105408], [-0.9691303372383118, 0.24637073278427124, 0.009369749575853348]], [[0.21967214345932007, 0.8662335276603699, -0.4487578570842743], [-0.11437434703111649, -0.4339541494846344, -0.8936454653739929], [-0.9688460230827332, 0.24763545393943787, 0.0037472855765372515]], [[0.22295106947422028, 0.864230751991272, -0.4509967267513275], [-0.11061977595090866, -0.43722403049468994, -0.8925236463546753], [-0.968532919883728, 0.2488783299922943, -0.0018785165157169104]], [[0.2262381911277771, 0.8622152805328369, -0.4532119929790497], [-0.10687489062547684, -0.4404943287372589, -0.8913711309432983], [-0.9681910872459412, 0.250099241733551, -0.007507449481636286]], [[0.2295333594083786, 0.8601871728897095, -0.4554036855697632], [-0.10313980281352997, -0.44376495480537415, -0.8901880979537964], [-0.9678204655647278, 0.251298189163208, -0.013139288872480392]], [[0.23283645510673523, 0.8581464886665344, -0.4575716555118561], [-0.09941470623016357, -0.4470357894897461, -0.8889744877815247], [-0.9674212336540222, 0.2524750828742981, -0.018773818388581276]], [[0.23614734411239624, 0.8560933470726013, -0.4597158432006836], [-0.0956997349858284, -0.4503067135810852, -0.8877304792404175], [-0.9669932723045349, 0.2536299228668213, -0.02441079542040825]], [[0.2394658774137497, 0.8540278077125549, -0.46183615922927856], [-0.09199501574039459, -0.45357751846313477, -0.8864560723304749], [-0.9665365815162659, 0.2547626793384552, -0.030050015076994896]], [[0.24279195070266724, 0.8519499897956848, -0.46393251419067383], [-0.0883006900548935, -0.45684814453125, -0.8851512670516968], [-0.9660512804985046, 0.2558732330799103, -0.035691238939762115]], [[0.24612542986869812, 0.849859893321991, -0.4660048186779022], [-0.08461695164442062, -0.46011844277381897, -0.883816123008728], [-0.9655373096466064, 0.2569615840911865, -0.04133426770567894]], [[0.2494661659002304, 0.8477576375007629, -0.4680529832839966], [-0.08094388991594315, -0.4633882939815521, -0.8824507594108582], [-0.9649946689605713, 0.25802767276763916, -0.04697886481881142]], [[0.25281402468681335, 0.8456434011459351, -0.4700770080089569], [-0.07728168368339539, -0.4666575491428375, -0.8810551762580872], [-0.964423418045044, 0.2590715289115906, -0.05262478440999985]], [[0.2561688721179962, 0.8435171246528625, -0.4720766544342041], [-0.07363048940896988, -0.4699260890483856, -0.8796294331550598], [-0.9638236165046692, 0.26009300351142883, -0.05827183648943901]], [[0.259530633687973, 0.841378927230835, -0.4740520119667053], [-0.06999041140079498, -0.47319382429122925, -0.8781736493110657], [-0.9631953239440918, 0.26109209656715393, -0.063919797539711]], [[0.26289910078048706, 0.8392289876937866, -0.47600287199020386], [-0.06636162847280502, -0.4764605462551117, -0.87668776512146], [-0.9625383615493774, 0.26206880807876587, -0.06956842541694641]], [[0.2662741541862488, 0.8370673060417175, -0.4779292643070221], [-0.06274425983428955, -0.4797261655330658, -0.875171959400177], [-0.9618529677391052, 0.2630230784416199, -0.07521749287843704]], [[0.269655704498291, 0.8348940014839172, -0.4798310399055481], [-0.059138450771570206, -0.4829905927181244, -0.8736262321472168], [-0.9611391425132751, 0.2639548182487488, -0.08086680620908737]], [[0.27304360270500183, 0.8327091336250305, -0.4817081093788147], [-0.05554437264800072, -0.4862535893917084, -0.8720505237579346], [-0.9603968262672424, 0.264864057302475, -0.08651610463857651]], [[0.2764376401901245, 0.8305128216743469, -0.4835605025291443], [-0.05196211859583855, -0.48951518535614014, -0.870445191860199], [-0.9596260786056519, 0.2657507359981537, -0.09216517955064774]], [[0.27983778715133667, 0.8283050656318665, -0.48538801074028015], [-0.04839189350605011, -0.4927751123905182, -0.8688099980354309], [-0.9588268995285034, 0.26661479473114014, -0.09781382232904434]], [[0.283243864774704, 0.8260861039161682, -0.4871906638145447], [-0.04483379051089287, -0.49603331089019775, -0.8671452403068542], [-0.9579994082450867, 0.2674562335014343, -0.10346179455518723]], [[0.2866557240486145, 0.8238558173179626, -0.4889683425426483], [-0.04128793999552727, -0.4992895722389221, -0.8654507994651794], [-0.9571434855461121, 0.26827502250671387, -0.10910888761281967]], [[0.2900732755661011, 0.8216145038604736, -0.4907210171222687], [-0.03775453194975853, -0.5025439262390137, -0.8637269139289856], [-0.9562593698501587, 0.269071102142334, -0.11475483328104019]], [[0.29349634051322937, 0.8193621039390564, -0.4924485385417938], [-0.034233685582876205, -0.5057960748672485, -0.8619735240936279], [-0.9553470611572266, 0.2698444426059723, -0.12039946764707565]], [[0.29692479968070984, 0.81709885597229, -0.49415093660354614], [-0.030725516378879547, -0.5090459585189819, -0.8601906895637512], [-0.9544063806533813, 0.2705950438976288, -0.12604255974292755]], [[0.30035847425460815, 0.8148247003555298, -0.4958280920982361], [-0.027230212464928627, -0.5122935175895691, -0.8583785891532898], [-0.9534376263618469, 0.2713228762149811, -0.1316838264465332]], [[0.30379733443260193, 0.81253981590271, -0.4974798858165741], [-0.023747839033603668, -0.5155385136604309, -0.8565372228622437], [-0.952440619468689, 0.2720278799533844, -0.13732314109802246]], [[0.30724114179611206, 0.8102442026138306, -0.49910640716552734], [-0.02027859166264534, -0.5187808871269226, -0.8546667098999023], [-0.9514155387878418, 0.27270999550819397, -0.14296017587184906]], [[0.310689777135849, 0.8079380989074707, -0.5007074475288391], [-0.016822604462504387, -0.5220204591751099, -0.8527670502662659], [-0.950362503528595, 0.27336928248405457, -0.14859475195407867]], [[0.3141431510448456, 0.8056214451789856, -0.5022829174995422], [-0.013379980809986591, -0.5252571105957031, -0.8508383631706238], [-0.9492813348770142, 0.274005651473999, -0.15422669053077698]], [[0.3176010847091675, 0.8032943606376648, -0.5038329362869263], [-0.009950920939445496, -0.5284907221794128, -0.8488807082176208], [-0.9481722116470337, 0.27461910247802734, -0.1598557084798813]], [[0.32106348872184753, 0.8009570837020874, -0.5053572654724121], [-0.006535475607961416, -0.5317212343215942, -0.8468941450119019], [-0.9470350742340088, 0.27520960569381714, -0.16548162698745728]], [[0.32453015446662903, 0.7986095547676086, -0.5068559646606445], [-0.0031338126864284277, -0.5349484086036682, -0.8448789119720459], [-0.9458701014518738, 0.275777131319046, -0.17110419273376465]], [[0.3280010223388672, 0.7962518930435181, -0.508328914642334], [0.00025390475639142096, -0.53817218542099, -0.8428348302841187], [-0.9446773529052734, 0.276321679353714, -0.1767231673002243]], [[0.3314758837223053, 0.7938842177391052, -0.5097760558128357], [0.0036275482270866632, -0.54139244556427, -0.840762197971344], [-0.9434567093849182, 0.27684321999549866, -0.18233837187290192]], [[0.3349546194076538, 0.7915065884590149, -0.5111973881721497], [0.006987025495618582, -0.544609010219574, -0.8386609554290771], [-0.9422083497047424, 0.27734169363975525, -0.18794958293437958]], [[0.33843713998794556, 0.7891191244125366, -0.5125927329063416], [0.01033215131610632, -0.5478217601776123, -0.8365312814712524], [-0.9409322738647461, 0.27781713008880615, -0.1935565173625946]], [[0.3419232964515686, 0.78672194480896, -0.5139621496200562], [0.013662847690284252, -0.5510305762290955, -0.8343731760978699], [-0.939628541469574, 0.278269499540329, -0.19915902614593506]], [[0.34541285037994385, 0.7843151092529297, -0.5153055191040039], [0.016978932544589043, -0.5542353391647339, -0.8321868181228638], [-0.9382971525192261, 0.27869877219200134, -0.20475685596466064]], [[0.3489058315753937, 0.7818986773490906, -0.51662278175354], [0.02028031088411808, -0.5574359893798828, -0.8299721479415894], [-0.9369382858276367, 0.27910491824150085, -0.21034979820251465]], [[0.3524019420146942, 0.779472827911377, -0.5179139971733093], [0.023566827178001404, -0.5606322884559631, -0.8277294039726257], [-0.9355519413948059, 0.2794879376888275, -0.21593761444091797]], [[0.35590115189552307, 0.7770376801490784, -0.5191789865493774], [0.026838377118110657, -0.5638242363929749, -0.8254585862159729], [-0.9341381788253784, 0.2798478305339813, -0.2215200662612915]], [[0.3594033122062683, 0.77459317445755, -0.5204177498817444], [0.030094770714640617, -0.5670114755630493, -0.8231598734855652], [-0.9326968789100647, 0.2801845669746399, -0.22709697484970093]], [[0.36290818452835083, 0.7721395492553711, -0.5216302871704102], [0.03333598002791405, -0.5701941251754761, -0.8208332657814026], [-0.9312283396720886, 0.2804981470108032, -0.23266814649105072]], [[0.36641576886177063, 0.7696768045425415, -0.5228164792060852], [0.03656180948019028, -0.573371946811676, -0.8184789419174194], [-0.929732620716095, 0.2807885408401489, -0.2382332682609558]], [[0.3699257969856262, 0.7672051191329956, -0.5239763259887695], [0.039772093296051025, -0.5765448808670044, -0.8160969018936157], [-0.9282096028327942, 0.2810557186603546, -0.24379219114780426]], [[0.3734382390975952, 0.764724612236023, -0.5251096487045288], [0.04296679422259331, -0.5797126293182373, -0.8136873245239258], [-0.9266594052314758, 0.2812997102737427, -0.2493446171283722]], [[0.3769528865814209, 0.7622352838516235, -0.5262165665626526], [0.046145740896463394, -0.5828752517700195, -0.8112502098083496], [-0.9250821471214294, 0.2815205156803131, -0.25489044189453125]], [[0.3804696500301361, 0.7597372531890869, -0.5272970199584961], [0.04930882900953293, -0.5860326290130615, -0.8087856769561768], [-0.9234779477119446, 0.28171807527542114, -0.26042938232421875]], [[0.38398832082748413, 0.7572306990623474, -0.5283508896827698], [0.052455924451351166, -0.5891845226287842, -0.8062939643859863], [-0.9218466281890869, 0.28189244866371155, -0.2659611701965332]], [[0.3875088393688202, 0.754715621471405, -0.5293781757354736], [0.05558681860566139, -0.5923308730125427, -0.8037749528884888], [-0.9201885461807251, 0.2820435166358948, -0.27148565649986267]], [[0.39103105664253235, 0.7521921396255493, -0.5303788185119629], [0.05870155245065689, -0.5954715013504028, -0.8012288808822632], [-0.9185035824775696, 0.282171368598938, -0.2770026922225952]], [[0.3945547342300415, 0.7496603727340698, -0.5313528180122375], [0.061799876391887665, -0.5986063480377197, -0.7986558675765991], [-0.9167917966842651, 0.2822759747505188, -0.2825118899345398]], [[0.39807987213134766, 0.7471204996109009, -0.5323000550270081], [0.06488169729709625, -0.6017352342605591, -0.7960559129714966], [-0.9150533676147461, 0.2823573350906372, -0.28801313042640686]], [[0.4016062021255493, 0.7445725202560425, -0.5332205891609192], [0.06794687360525131, -0.6048580408096313, -0.7934291362762451], [-0.9132883548736572, 0.2824154794216156, -0.2935061454772949]], [[0.4051336944103241, 0.7420164942741394, -0.5341143608093262], [0.07099534571170807, -0.6079747676849365, -0.790775716304779], [-0.9114967584609985, 0.28245028853416443, -0.29899075627326965]], [[0.4086621403694153, 0.7394526600837708, -0.5349813103675842], [0.07402699440717697, -0.6110851168632507, -0.7880957722663879], [-0.9096786379814148, 0.28246188163757324, -0.30446678400039673]], [[0.4121914505958557, 0.7368810772895813, -0.5358213186264038], [0.07704164832830429, -0.6141890287399292, -0.7853893041610718], [-0.9078341126441956, 0.28245022892951965, -0.30993399024009705]], [[0.41572144627571106, 0.734301745891571, -0.5366345643997192], [0.08003918826580048, -0.6172864437103271, -0.7826564311981201], [-0.9059632420539856, 0.28241533041000366, -0.31539207696914673]], [[0.4192519783973694, 0.7317149043083191, -0.5374208092689514], [0.08301952481269836, -0.6203771829605103, -0.7798973321914673], [-0.9040660858154297, 0.2823571562767029, -0.320840984582901]], [[0.42278289794921875, 0.7291205525398254, -0.5381801128387451], [0.08598250895738602, -0.6234610676765442, -0.7771121263504028], [-0.9021427631378174, 0.2822757363319397, -0.32628023624420166]], [[0.4263141453266144, 0.7265188097953796, -0.5389124751091003], [0.08892805129289627, -0.626538097858429, -0.7743008136749268], [-0.9001933336257935, 0.28217101097106934, -0.33170998096466064]], [[0.42984554171562195, 0.723909854888916, -0.5396178364753723], [0.09185602515935898, -0.6296080946922302, -0.7714636325836182], [-0.8982177972793579, 0.28204309940338135, -0.3371296525001526]], [[0.43337690830230713, 0.7212936878204346, -0.5402960777282715], [0.09476632624864578, -0.6326708197593689, -0.7686006426811218], [-0.8962163925170898, 0.28189194202423096, -0.3425392806529999]], [[0.43690812587738037, 0.7186704277992249, -0.5409473180770874], [0.09765881299972534, -0.6357263326644897, -0.7657118439674377], [-0.8941890001296997, 0.2817175090312958, -0.34793850779533386]], [[0.4404390752315521, 0.716040313243866, -0.5415714979171753], [0.1005333885550499, -0.6387745141983032, -0.7627975940704346], [-0.8921359181404114, 0.28151988983154297, -0.3533271849155426]], [[0.44396960735321045, 0.7134032845497131, -0.5421684980392456], [0.10338994115591049, -0.6418150663375854, -0.7598578333854675], [-0.8900569677352905, 0.28129905462265015, -0.3587051331996918]], [[0.4474996030330658, 0.7107595205307007, -0.5427384376525879], [0.10622840374708176, -0.6448480486869812, -0.7568926811218262], [-0.8879525065422058, 0.2810550034046173, -0.3640720546245575]], [[0.45102882385253906, 0.7081092000007629, -0.5432811379432678], [0.1090485230088234, -0.6478732228279114, -0.7539022564888], [-0.8858224749565125, 0.28078770637512207, -0.36942777037620544]], [[0.45455726981163025, 0.7054522633552551, -0.543796718120575], [0.11185037344694138, -0.6508905291557312, -0.7508867979049683], [-0.8836668729782104, 0.280497282743454, -0.3747720718383789]], [[0.45808473229408264, 0.7027888298034668, -0.5442850589752197], [0.1146337017416954, -0.6538998484611511, -0.7478463053703308], [-0.8814858794212341, 0.2801836133003235, -0.38010480999946594]], [[0.4616110324859619, 0.700119137763977, -0.5447462201118469], [0.1173984706401825, -0.6569010019302368, -0.744780957698822], [-0.8792797327041626, 0.27984681725502014, -0.3854256272315979]], [[0.4651361107826233, 0.6974433064460754, -0.545180082321167], [0.12014448642730713, -0.6598939299583435, -0.7416908740997314], [-0.8770483136177063, 0.27948686480522156, -0.39073440432548523]], [[0.46865975856781006, 0.6947612166404724, -0.5455867052078247], [0.12287171185016632, -0.6628785729408264, -0.7385760545730591], [-0.8747917413711548, 0.27910375595092773, -0.3960309624671936]], [[0.47218191623687744, 0.6920731663703918, -0.5459660887718201], [0.1255800575017929, -0.6658546924591064, -0.735436737537384], [-0.8725101351737976, 0.27869755029678345, -0.4013150930404663]], [[0.47570234537124634, 0.6893791556358337, -0.5463181734085083], [0.12826932966709137, -0.668822169303894, -0.7322730422019958], [-0.8702034950256348, 0.27826815843582153, -0.40658649802207947]], [[0.479220986366272, 0.6866794228553772, -0.5466429591178894], [0.1309395432472229, -0.6717810034751892, -0.7290851473808289], [-0.8678721785545349, 0.2778157591819763, -0.41184502840042114]], [[0.4827376902103424, 0.6839740872383118, -0.5469403862953186], [0.13359053432941437, -0.6747309565544128, -0.7258729934692383], [-0.865515947341919, 0.27734026312828064, -0.4170904755592346]], [[0.4862522482872009, 0.6812630295753479, -0.5472105145454407], [0.13622215390205383, -0.6776720285415649, -0.7226369380950928], [-0.8631350994110107, 0.2768417298793793, -0.4223226308822632]], [[0.48976466059684753, 0.6785465478897095, -0.5474533438682556], [0.1388343870639801, -0.6806039810180664, -0.7193769216537476], [-0.8607296347618103, 0.27632009983062744, -0.4275413155555725]], [[0.4932745695114136, 0.6758247017860413, -0.5476688146591187], [0.14142702519893646, -0.6835267543792725, -0.7160932421684265], [-0.858299732208252, 0.2757754921913147, -0.4327462315559387]], [[0.4967820644378662, 0.6730976104736328, -0.5478569269180298], [0.14399999380111694, -0.6864402890205383, -0.7127858996391296], [-0.85584557056427, 0.2752079367637634, -0.4379372000694275]], [[0.500286877155304, 0.6703652739524841, -0.548017680644989], [0.14655327796936035, -0.6893444061279297, -0.7094550132751465], [-0.8533669710159302, 0.27461737394332886, -0.44311419129371643]], [[0.503788948059082, 0.6676279902458191, -0.5481510162353516], [0.14908669888973236, -0.6922389268875122, -0.7061008214950562], [-0.8508641719818115, 0.2740038335323334, -0.4482767879962921]], [[0.5072880387306213, 0.6648857593536377, -0.548257052898407], [0.1516001671552658, -0.6951238512992859, -0.7027233839035034], [-0.8483372926712036, 0.27336737513542175, -0.4534248113632202]], [[0.5107840895652771, 0.6621387004852295, -0.5483356714248657], [0.15409359335899353, -0.6979990601539612, -0.6993228793144226], [-0.8457863926887512, 0.2727080285549164, -0.4585580825805664]], [[0.514276921749115, 0.659386932849884, -0.5483868718147278], [0.15656685829162598, -0.7008643746376038, -0.6958993673324585], [-0.8432117104530334, 0.27202579379081726, -0.4636765122413635]], [[0.5177664160728455, 0.6566304564476013, -0.5484107136726379], [0.1590198576450348, -0.7037197351455688, -0.6924530267715454], [-0.8406132459640503, 0.27132076025009155, -0.46877965331077576]], [[0.5212523937225342, 0.65386962890625, -0.548407256603241], [0.16145256161689758, -0.7065649628639221, -0.6889840364456177], [-0.8379909992218018, 0.27059289813041687, -0.47386759519577026]], [[0.5247347950935364, 0.6511043310165405, -0.5483763217926025], [0.16386482119560242, -0.7094000577926636, -0.6854924559593201], [-0.8353453278541565, 0.2698422372341156, -0.478939950466156]], [[0.528213381767273, 0.6483347415924072, -0.5483180284500122], [0.16625650227069855, -0.7122247219085693, -0.6819784641265869], [-0.8326759934425354, 0.26906880736351013, -0.4839964807033539]], [[0.5316882133483887, 0.6455610394477844, -0.5482323169708252], [0.16862763464450836, -0.715039074420929, -0.6784422397613525], [-0.8299833536148071, 0.26827266812324524, -0.48903727531433105]], [[0.5351589322090149, 0.6427831649780273, -0.5481192469596863], [0.17097799479961395, -0.7178428173065186, -0.6748837828636169], [-0.8272674083709717, 0.26745378971099854, -0.49406179785728455]], [[0.5386254787445068, 0.6400014162063599, -0.5479788780212402], [0.1733075976371765, -0.7206359505653381, -0.6713034510612488], [-0.8245283961296082, 0.26661229133605957, -0.4990699291229248]], [[0.542087733745575, 0.637215793132782, -0.5478110313415527], [0.17561626434326172, -0.7234182357788086, -0.667701244354248], [-0.8217663168907166, 0.26574814319610596, -0.5040615797042847]], [[0.5455455183982849, 0.634426474571228, -0.5476159453392029], [0.17790387570858002, -0.7261897325515747, -0.6640772819519043], [-0.8189812302589417, 0.26486140489578247, -0.5090364217758179]], [[0.5489987134933472, 0.6316335201263428, -0.5473933815956116], [0.18017049133777618, -0.7289502024650574, -0.6604317426681519], [-0.8161733746528625, 0.2639521360397339, -0.5139943957328796]], [[0.5524471998214722, 0.628836989402771, -0.5471435785293579], [0.18241584300994873, -0.7316996455192566, -0.6567648649215698], [-0.8133427500724792, 0.2630203068256378, -0.5189352631568909]], [[0.5558908581733704, 0.6260371208190918, -0.5468664169311523], [0.18463996052742004, -0.7344378232955933, -0.6530765891075134], [-0.8104895949363708, 0.26206597685813904, -0.5238587856292725]], [[0.5593295097351074, 0.62323397397995, -0.5465618968009949], [0.18684279918670654, -0.7371647357940674, -0.6493672728538513], [-0.8076139092445374, 0.2610892355442047, -0.5287647843360901]], [[0.5627630352973938, 0.6204276084899902, -0.546230137348175], [0.18902409076690674, -0.7398802042007446, -0.645637035369873], [-0.8047158122062683, 0.26009005308151245, -0.5336529612541199]], [[0.5661913156509399, 0.6176182627677917, -0.5458709597587585], [0.1911839246749878, -0.7425841689109802, -0.6418858170509338], [-0.801795482635498, 0.2590685188770294, -0.5385233759880066]], [[0.5696142315864563, 0.6148058772087097, -0.5454846024513245], [0.1933221071958542, -0.7452765107154846, -0.6381139755249023], [-0.7988530397415161, 0.2580246031284332, -0.5433756113052368]], [[0.5730316042900085, 0.6119906306266785, -0.5450709462165833], [0.19543865323066711, -0.747957170009613, -0.6343215703964233], [-0.7958885431289673, 0.2569584548473358, -0.5482096672058105]], [[0.5764433145523071, 0.6091725826263428, -0.5446299910545349], [0.19753332436084747, -0.7506259083747864, -0.6305087208747864], [-0.7929021120071411, 0.2558700144290924, -0.5530251860618591]], [[0.5798491835594177, 0.6063520908355713, -0.544161856174469], [0.19960619509220123, -0.7532827258110046, -0.6266757249832153], [-0.7898938655853271, 0.25475940108299255, -0.5578219294548035]], [[0.5832490921020508, 0.6035289764404297, -0.5436664819717407], [0.20165714621543884, -0.7559274435043335, -0.622822642326355], [-0.7868639230728149, 0.25362661480903625, -0.5626000165939331]], [[0.5866429209709167, 0.6007034778594971, -0.5431439876556396], [0.20368598401546478, -0.758560061454773, -0.6189495921134949], [-0.7838124632835388, 0.2524716854095459, -0.5673587918281555]], [[0.5900306701660156, 0.5978756546974182, -0.5425941944122314], [0.20569276809692383, -0.7611804008483887, -0.6150567531585693], [-0.7807395458221436, 0.25129470229148865, -0.5720984935760498]], [[0.5934119820594788, 0.5950457453727722, -0.5420172810554504], [0.20767737925052643, -0.7637884020805359, -0.6111443042755127], [-0.7776452898979187, 0.2500956952571869, -0.5768187046051025]], [[0.5967868566513062, 0.5922137498855591, -0.5414133071899414], [0.20963965356349945, -0.7663838863372803, -0.6072124242782593], [-0.7745299935340881, 0.2488747537136078, -0.581519365310669]], [[0.6001551747322083, 0.5893797278404236, -0.5407821536064148], [0.21157971024513245, -0.7689668536186218, -0.6032611727714539], [-0.7713934779167175, 0.24763181805610657, -0.5862001776695251]], [[0.6035166382789612, 0.5865439772605896, -0.5401238799095154], [0.21349723637104034, -0.7715370655059814, -0.5992907285690308], [-0.7682360410690308, 0.24636699259281158, -0.5908609628677368]], [[0.6068712472915649, 0.5837063789367676, -0.5394387245178223], [0.21539227664470673, -0.7740946412086487, -0.5953013300895691], [-0.7650578022003174, 0.2450803965330124, -0.5955016016960144]], [[0.61021888256073, 0.5808672904968262, -0.5387263894081116], [0.2172648161649704, -0.7766392230987549, -0.5912930369377136], [-0.7618588209152222, 0.2437720149755478, -0.6001219749450684]], [[0.6135594248771667, 0.5780265927314758, -0.5379871129989624], [0.21911466121673584, -0.7791708707809448, -0.5872660875320435], [-0.7586393356323242, 0.24244187772274017, -0.60472172498703]], [[0.6168926358222961, 0.5751845240592957, -0.5372207760810852], [0.22094179689884186, -0.781689465045929, -0.5832206010818481], [-0.7553993463516235, 0.2410900592803955, -0.6093007922172546]], [[0.6202184557914734, 0.5723411440849304, -0.5364276170730591], [0.2227460891008377, -0.784194827079773, -0.5791568160057068], [-0.7521390318870544, 0.23971661925315857, -0.6138588786125183]], [[0.6235368251800537, 0.5694966912269592, -0.5356075167655945], [0.22452764213085175, -0.786686897277832, -0.5750747323036194], [-0.7488585710525513, 0.23832163214683533, -0.6183959245681763]], [[0.6268474459648132, 0.5666510462760925, -0.5347605347633362], [0.22628618776798248, -0.789165735244751, -0.5709746479988098], [-0.745557963848114, 0.23690512776374817, -0.6229117512702942]], [[0.630150318145752, 0.563804566860199, -0.533886730670929], [0.2280217558145523, -0.7916309833526611, -0.5668566226959229], [-0.7422376871109009, 0.23546716570854187, -0.6274061799049377]], [[0.633445143699646, 0.5609573125839233, -0.532986044883728], [0.22973418235778809, -0.7940826416015625, -0.5627210140228271], [-0.738897442817688, 0.2340078204870224, -0.6318788528442383]], [[0.6367320418357849, 0.5581092834472656, -0.532058596611023], [0.2314235419034958, -0.7965207099914551, -0.5585676431655884], [-0.7355375289916992, 0.23252712190151215, -0.6363298892974854]], [[0.6400107145309448, 0.5552605986595154, -0.5311044454574585], [0.23308971524238586, -0.7989449501037598, -0.5543970465660095], [-0.7321580648422241, 0.23102515935897827, -0.6407588720321655]], [[0.6432810425758362, 0.5524114966392517, -0.5301235914230347], [0.23473256826400757, -0.8013553619384766, -0.5502092242240906], [-0.728759229183197, 0.22950194776058197, -0.645165741443634]], [[0.6465429663658142, 0.5495619773864746, -0.529116153717041], [0.2363521158695221, -0.8037518262863159, -0.5460042953491211], [-0.7253412008285522, 0.2279575765132904, -0.649550199508667]], [[0.6497963666915894, 0.5467121601104736, -0.5280818939208984], [0.23794831335544586, -0.8061342239379883, -0.5417823791503906], [-0.721903920173645, 0.22639206051826477, -0.6539122462272644]], [[0.6530410051345825, 0.5438622236251831, -0.5270212888717651], [0.23952098190784454, -0.8085025548934937, -0.5375438332557678], [-0.7184478044509888, 0.2248055785894394, -0.6582516431808472]], [[0.6562767028808594, 0.5410122871398926, -0.5259339809417725], [0.24107004702091217, -0.8108565211296082, -0.5332887172698975], [-0.714972734451294, 0.22319811582565308, -0.6625680923461914]], [[0.6595036387443542, 0.5381624102592468, -0.5248202085494995], [0.24259568750858307, -0.8131962418556213, -0.5290171504020691], [-0.7114789485931396, 0.2215697020292282, -0.6668616533279419]], [[0.6627213358879089, 0.5353126525878906, -0.5236800312995911], [0.2440975457429886, -0.8155215382575989, -0.5247294306755066], [-0.707966685295105, 0.21992045640945435, -0.67113196849823]], [[0.6659298539161682, 0.5324633121490479, -0.5225133895874023], [0.24557577073574066, -0.8178322911262512, -0.5204256176948547], [-0.7044358253479004, 0.21825042366981506, -0.6753790378570557]], [[0.6691290140151978, 0.529614269733429, -0.5213204622268677], [0.24703018367290497, -0.8201284408569336, -0.5161059498786926], [-0.7008867859840393, 0.21655969321727753, -0.6796025037765503]], [[0.6723188161849976, 0.5267658233642578, -0.5201011896133423], [0.24846085906028748, -0.8224098682403564, -0.5117706060409546], [-0.697319507598877, 0.21484827995300293, -0.6838022470474243]], [[0.675498902797699, 0.5239179730415344, -0.5188556909561157], [0.24986757338047028, -0.8246765732765198, -0.5074196457862854], [-0.6937344074249268, 0.21311627328395844, -0.687978208065033]], [[0.678669273853302, 0.5210708379745483, -0.5175839066505432], [0.25125035643577576, -0.8269283771514893, -0.5030533671379089], [-0.6901312470436096, 0.21136382222175598, -0.6921302080154419]], [[0.6818299889564514, 0.5182245969772339, -0.5162859559059143], [0.2526093125343323, -0.8291652202606201, -0.4986717700958252], [-0.6865103840827942, 0.2095908373594284, -0.696258008480072]], [[0.684980571269989, 0.5153793096542358, -0.5149619579315186], [0.2539440393447876, -0.8313869833946228, -0.4942752718925476], [-0.6828718781471252, 0.20779749751091003, -0.7003614902496338]], [[0.6881210803985596, 0.5125352144241333, -0.5136118531227112], [0.2552547752857208, -0.8335936069488525, -0.48986390233039856], [-0.6792160272598267, 0.20598390698432922, -0.7044403553009033]], [[0.6912513375282288, 0.5096921920776367, -0.5122357606887817], [0.25654128193855286, -0.8357850313186646, -0.48543781042099], [-0.6755427718162537, 0.2041500061750412, -0.7084946632385254]], [[0.6943713426589966, 0.5068504214286804, -0.5108336806297302], [0.25780361890792847, -0.8379611968994141, -0.4809972047805786], [-0.6718524694442749, 0.20229597389698029, -0.7125241756439209]], [[0.6974807977676392, 0.5040103197097778, -0.5094057321548462], [0.2590416967868805, -0.8401218056678772, -0.4765424430370331], [-0.6681451797485352, 0.20042189955711365, -0.7165284752845764]], [[0.7005797624588013, 0.5011715888977051, -0.5079519152641296], [0.2602556049823761, -0.8422670960426331, -0.4720733165740967], [-0.6644208431243896, 0.1985277682542801, -0.7205078601837158]], [[0.7036678791046143, 0.4983345568180084, -0.5064722895622253], [0.26144498586654663, -0.8443966507911682, -0.4675903618335724], [-0.6606799364089966, 0.19661372900009155, -0.7244618535041809]], [[0.7067452073097229, 0.49549922347068787, -0.5049670934677124], [0.26260998845100403, -0.8465107083320618, -0.4630935490131378], [-0.6569225192070007, 0.19467982649803162, -0.7283903956413269]], [[0.7098116278648376, 0.4926657974720001, -0.5034360885620117], [0.2637506425380707, -0.8486089110374451, -0.4585830271244049], [-0.6531485319137573, 0.19272607564926147, -0.7322933077812195]], [[0.7128669023513794, 0.48983442783355713, -0.5018795132637024], [0.26486679911613464, -0.8506913185119629, -0.45405930280685425], [-0.6493584513664246, 0.19075272977352142, -0.7361705899238586]], [[0.7159110903739929, 0.48700499534606934, -0.5002973675727844], [0.2659584581851959, -0.8527578115463257, -0.4495221674442291], [-0.6455520391464233, 0.18875965476036072, -0.740021824836731]], [[0.7189438343048096, 0.48417791724205017, -0.49868980050086975], [0.2670254111289978, -0.8548083901405334, -0.4449719488620758], [-0.6417297720909119, 0.18674707412719727, -0.7438470125198364]], [[0.7219651937484741, 0.48135316371917725, -0.4970567524433136], [0.2680678963661194, -0.8568427562713623, -0.440408855676651], [-0.6378917098045349, 0.18471498787403107, -0.7476459741592407]], [[0.724975049495697, 0.47853076457977295, -0.4953984022140503], [0.26908570528030396, -0.8588610887527466, -0.4358330965042114], [-0.634037971496582, 0.18266354501247406, -0.7514185905456543]], [[0.7279731035232544, 0.4757108986377716, -0.4937148094177246], [0.27007877826690674, -0.8608631491661072, -0.43124470114707947], [-0.6301686763763428, 0.18059277534484863, -0.755164623260498]], [[0.7309594750404358, 0.47289371490478516, -0.4920058846473694], [0.27104711532592773, -0.8628489375114441, -0.4266440272331238], [-0.6262840628623962, 0.17850276827812195, -0.7588840126991272]], [[0.7339338660240173, 0.47007930278778076, -0.4902718961238861], [0.27199068665504456, -0.8648183345794678, -0.42203113436698914], [-0.6223841905593872, 0.17639362812042236, -0.762576699256897]], [[0.736896276473999, 0.46726781129837036, -0.48851272463798523], [0.2729095220565796, -0.8667712211608887, -0.417406290769577], [-0.6184692978858948, 0.17426544427871704, -0.7662423253059387]], [[0.7398464679718018, 0.46445927023887634, -0.4867286682128906], [0.27380332350730896, -0.8687075972557068, -0.4127695858478546], [-0.6145395040512085, 0.17211829125881195, -0.7698807716369629]], [[0.7427844405174255, 0.46165385842323303, -0.48491954803466797], [0.2746724486351013, -0.8706273436546326, -0.408121258020401], [-0.6105949282646179, 0.1699521690607071, -0.7734920382499695]], [[0.745710015296936, 0.4588516354560852, -0.48308566212654114], [0.2755165100097656, -0.8725304007530212, -0.40346163511276245], [-0.6066359281539917, 0.16776733100414276, -0.7770758271217346]], [[0.7486231327056885, 0.4560527205467224, -0.48122695088386536], [0.2763357162475586, -0.8744167685508728, -0.3987905979156494], [-0.6026624441146851, 0.16556376218795776, -0.7806321978569031]], [[0.7515236139297485, 0.4532572329044342, -0.4793435037136078], [0.2771299481391907, -0.8762861490249634, -0.39410850405693054], [-0.5986745953559875, 0.1633414775133133, -0.784160852432251]], [[0.7544113397598267, 0.4504653811454773, -0.47743526101112366], [0.2778991162776947, -0.8781386613845825, -0.3894155025482178], [-0.5946726202964783, 0.16110071539878845, -0.7876616716384888]], [[0.7572863101959229, 0.4476770758628845, -0.4755026400089264], [0.27864328026771545, -0.8799742460250854, -0.3847118318080902], [-0.5906567573547363, 0.15884147584438324, -0.7911345958709717]], [[0.760148286819458, 0.44489243626594543, -0.47354546189308167], [0.2793623208999634, -0.8817927837371826, -0.3799976110458374], [-0.5866270065307617, 0.15656381845474243, -0.7945793867111206]], [[0.7629971504211426, 0.44211187958717346, -0.47156381607055664], [0.28005632758140564, -0.8835940361022949, -0.3752731382846832], [-0.5825836658477783, 0.15426795184612274, -0.7979960441589355]], [[0.7658328413963318, 0.43933525681495667, -0.46955785155296326], [0.2807251513004303, -0.8853781819343567, -0.3705384135246277], [-0.5785269141197205, 0.15195387601852417, -0.801384