{
 "cells": [
  {
   "cell_type": "code",
   "execution_count": 104,
   "metadata": {},
   "outputs": [
    {
     "name": "stdout",
     "output_type": "stream",
     "text": [
      "The autoreload extension is already loaded. To reload it, use:\n",
      "  %reload_ext autoreload\n"
     ]
    }
   ],
   "source": [
    "%load_ext autoreload\n",
    "%autoreload 2"
   ]
  },
  {
   "cell_type": "code",
   "execution_count": 54,
   "metadata": {},
   "outputs": [],
   "source": [
    "import torch\n",
    "import numpy as np\n",
    "from lie_vae.datasets import ToyDataset\n",
    "from lie_vae.blender_axes_wrapper import render_axes\n",
    "from lie_vae.vae import ChairsVAE\n",
    "from lie_vae.lie_tools import block_wigner_matrix_multiply, random_quaternions, quaternions_to_eazyz, \\\n",
    "    group_matrix_to_eazyz, group_matrix_to_quaternions, random_group_matrices, rodrigues, quaternions_to_group_matrix, vector_to_eazyz\n",
    "from lie_vae.utils import expand_dim\n",
    "from sklearn.decomposition import PCA\n",
    "import matplotlib.pyplot as plt\n",
    "from mpl_toolkits.mplot3d import Axes3D\n",
    "from collections import OrderedDict\n",
    "\n",
    "torch.no_grad().__enter__()"
   ]
  },
  {
   "cell_type": "code",
   "execution_count": 3,
   "metadata": {},
   "outputs": [],
   "source": [
    "device = torch.device('cuda:0')\n",
    "# Dataset: https://drive.google.com/open?id=1uIbBbqDVlPNP047n4parVMJtOWj21pTJ\n",
    "dataset = ToyDataset()\n",
    "spectrum = dataset[0][1].to(device)\n",
    "\n",
    "def data_gen(g):\n",
    "    angles = quaternions_to_eazyz(group_matrix_to_quaternions(g))\n",
    "    return block_wigner_matrix_multiply(angles, expand_dim(spectrum, angles.shape[0]), 3)"
   ]
  },
  {
   "cell_type": "code",
   "execution_count": 103,
   "metadata": {},
   "outputs": [],
   "source": [
    "def circle(n, mu=None, device=None):\n",
    "    start = torch.zeros(1, 3, device=device)\n",
    "    end = torch.randn(1, 3, device=device)\n",
    "    end = end / end.norm() * 2 * np.pi\n",
    "    end = end + start\n",
    "    t = torch.linspace(0, 1, n).to(device)[:, None]\n",
    "    x = (1-t) * start + end * t\n",
    "    g = rodrigues(x)\n",
    "    g[0] = torch.eye(3, device=device)\n",
    "    if mu is not None:\n",
    "        if mu == 'random':\n",
    "            mu = random_group_matrices(1, device=device)[0]\n",
    "        g = expand_dim(mu, n).bmm(g)\n",
    "    return g\n",
    "\n",
    "def random_walk2(n, scale=0.1, start='random', device=None, qr_freq=None):\n",
    "    x = rodrigues(torch.randn(n-1, 3, device=device) * scale)\n",
    "    if start == 'random':\n",
    "        start = random_group_matrices(1, device=device)[0]\n",
    "    elif start == 'e':\n",
    "        start = torch.eye(3, device=device)\n",
    "    else:\n",
    "        raise ValueError()\n",
    "    gs = [start]\n",
    "    for i in range(n-1):\n",
    "        gs.append(gs[i] @ x[i])\n",
    "        \n",
    "        if qr_freq is not None and (i+1)%qr_freq == 0:\n",
    "            gs[-1] = torch.qr(gs[-1])[0]\n",
    "    \n",
    "    return torch.stack(gs, 0)\n",
    "\n",
    "def random_walk(n, scale=0.1, start='random', device=None, qr_freq=None, integrate=5):\n",
    "    alg = torch.randn(n, 3, device=device) * scale\n",
    "    for _ in range(integrate):\n",
    "        alg = torch.cumsum(alg, 0)\n",
    "    g = rodrigues(alg)\n",
    "    g[0] = torch.eye(3, device=device)\n",
    "    if start is not None:\n",
    "        if start == 'random':\n",
    "            start = random_group_matrices(1, device=device)[0]\n",
    "        g = expand_dim(start, n).bmm(g)\n",
    "    return g\n",
    "\n",
    "def repeated_colors(n, sections):\n",
    "    colors = ['tab:blue', 'tab:orange', 'tab:green', 'tab:red', 'tab:purple', 'tab:brown', 'tab:pink', 'tab:gray', 'tab:olive', 'tab:cyan']\n",
    "    repeats = int(np.ceil(n / sections))\n",
    "    return np.repeat(np.array(colors[:sections]), repeats)\n",
    "\n",
    "def discontinuities(x, zero_mean=False):\n",
    "    x = np.asarray(x)\n",
    "    d = x[1:]-x[:-1]\n",
    "    disc = (d**2).reshape((x.shape[0]-1, -1)).sum(1)\n",
    "    if zero_mean:\n",
    "        disc -= disc.mean()\n",
    "    return disc"
   ]
  },
  {
   "cell_type": "code",
   "execution_count": 65,
   "metadata": {},
   "outputs": [],
   "source": [
    "model_names = [\n",
    "    'toyl3-3-ae-action-q',\n",
    "    'toyl3-3-ae-action-alg',\n",
    "    'toyl3-3-ae-action-s2s2',\n",
    "    'toyl3-3-ae-action-s2s1',\n",
    "    'toyl3-3-ae-mlp-q',\n",
    "    'toyl3-3-ae-mlp-alg',\n",
    "    'toyl3-3-ae-mlp-s2s2',\n",
    "    'toyl3-3-ae-mlp-s2s1',\n",
    "    'toyl3-3-ae-action-normal3',\n",
    "    'toyl3-3-ae-mlp-normal30',\n",
    "    'toyl3-3-ae-mlp-normal3',\n",
    "    'toyl3-3-ae-action-vmfq',\n",
    "    'toyl3-3-ae-mlp-vmf',\n",
    "    'toyl3-3-vae-action-q',\n",
    "    'toyl3-3-vae-action-alg',\n",
    "    'toyl3-3-vae-action-s2s2',\n",
    "    'toyl3-3-vae-action-s2s1',\n",
    "    'toyl3-3-vae-mlp-q',\n",
    "    'toyl3-3-vae-mlp-alg',\n",
    "    'toyl3-3-vae-mlp-s2s2',\n",
    "    'toyl3-3-vae-mlp-s2s1',\n",
    "    'toyl3-3-vae-action-normal3',\n",
    "    'toyl3-3-vae-mlp-normal30',\n",
    "    'toyl3-3-vae-mlp-normal3',\n",
    "    'toyl3-3-vae-action-vmfq',\n",
    "    'toyl3-3-vae-mlp-vmf',\n",
    "]\n",
    "parts = [n.split('-')[2:] for n in model_names]\n",
    "\n",
    "models = OrderedDict()\n",
    "for name in model_names:\n",
    "    parts = name.split('-')[2:]\n",
    "    \n",
    "    normal_dims = 3\n",
    "    if parts[2] == 'normal3':\n",
    "        latent = 'normal'\n",
    "    elif parts[2] == 'normal30':\n",
    "        latent = 'normal'\n",
    "        normal_dims = 30\n",
    "    elif parts[2] in ['s2s2', 'alg', 's2s1', 'q']:\n",
    "        latent = 'so3'\n",
    "    elif parts[2] in ['vmf', 'vmfq']:\n",
    "        latent = parts[2]\n",
    "    else:\n",
    "        raise RuntimeError()\n",
    "    \n",
    "    model = ChairsVAE(\n",
    "        latent_mode=latent,\n",
    "        mean_mode=parts[2],\n",
    "        decoder_mode=parts[1],\n",
    "        encode_mode='toy',\n",
    "        deconv_mode='toy',\n",
    "        rep_copies=3,\n",
    "        degrees=3,\n",
    "        deterministic=(parts[0] == 'ae'),\n",
    "        single_id=True,\n",
    "        normal_dims=normal_dims\n",
    "    ).to(device)\n",
    "    model.load_state_dict(torch.load('outputs/'+name+'/model.pickle'))\n",
    "    \n",
    "    models['-'.join(parts)] = model"
   ]
  },
  {
   "cell_type": "code",
   "execution_count": 6,
   "metadata": {},
   "outputs": [],
   "source": [
    "model = ChairsVAE(\n",
    "    latent_mode='so3',\n",
    "    mean_mode='s2s2',\n",
    "    decoder_mode='action',\n",
    "    encode_mode='toy',\n",
    "    deconv_mode='toy',\n",
    "    rep_copies=3,\n",
    "    degrees=3,\n",
    "    deterministic=False,\n",
    "    single_id=True,\n",
    ").to(device)\n",
    "model.load_state_dict(torch.load('outputs/toyl3-3-vae-action-s2s2/model.pickle'))"
   ]
  },
  {
   "cell_type": "code",
   "execution_count": null,
   "metadata": {},
   "outputs": [],
   "source": [
    "g = circle(1000, 'random', device=device)\n",
    "# g = random_walk(1000, start='random', scale=1E-12, device=device, qr_freq=1)"
   ]
  },
  {
   "cell_type": "code",
   "execution_count": 91,
   "metadata": {},
   "outputs": [
    {
     "name": "stdout",
     "output_type": "stream",
     "text": [
      "[[[0.25032445788383484, -0.9298439621925354, 0.2696811556816101], [0.773210346698761, 0.3596407473087311, 0.5223067998886108], [-0.5826520919799805, 0.07777407765388489, 0.8089917898178101]], [[0.25609639286994934, -0.9284017086029053, 0.2692303955554962], [0.7731644511222839, 0.363901823759079, 0.5194153189659119], [-0.5801994800567627, 0.07513894885778427, 0.8110010623931885]], [[0.2618591785430908, -0.9269296526908875, 0.2687586545944214], [0.7730863094329834, 0.3681611716747284, 0.5165220499038696], [-0.5777260661125183, 0.07251755148172379, 0.8130029439926147]], [[0.2676125466823578, -0.9254279732704163, 0.268265962600708], [0.7729758024215698, 0.37241870164871216, 0.5136271715164185], [-0.5752321481704712, 0.06991000473499298, 0.8149973154067993]], [[0.27335622906684875, -0.9238966703414917, 0.2677523195743561], [0.772832989692688, 0.37667417526245117, 0.5107306241989136], [-0.5727176666259766, 0.06731641292572021, 0.8169840574264526]], [[0.2790900766849518, -0.9223359227180481, 0.267217755317688], [0.7726579904556274, 0.3809274435043335, 0.5078326463699341], [-0.5701828002929688, 0.06473685055971146, 0.8189632296562195]], [[0.2848138213157654, -0.9207454919815063, 0.26666226983070374], [0.7724506855010986, 0.3851783871650696, 0.5049333572387695], [-0.5676276087760925, 0.06217145547270775, 0.8209345936775208]], [[0.29052719473838806, -0.9191257953643799, 0.2660859227180481], [0.7722110748291016, 0.3894267678260803, 0.5020328164100647], [-0.5650522112846375, 0.05962028354406357, 0.8228981494903564]], [[0.2962300777435303, -0.9174766540527344, 0.26548871397972107], [0.7719391584396362, 0.39367246627807617, 0.4991311728954315], [-0.5624567270278931, 0.05708348751068115, 0.8248538374900818]], [[0.30192214250564575, -0.9157983064651489, 0.26487070322036743], [0.771635115146637, 0.3979152739048004, 0.49622851610183716], [-0.5598412752151489, 0.054561126977205276, 0.8268015384674072]], [[0.30760324001312256, -0.9140907526016235, 0.2642318606376648], [0.7712988257408142, 0.4021550714969635, 0.49332499504089355], [-0.5572059750556946, 0.05205332860350609, 0.828741192817688]], [[0.3132731020450592, -0.9123539328575134, 0.26357221603393555], [0.770930290222168, 0.4063916504383087, 0.49042069911956787], [-0.5545507669448853, 0.04956018924713135, 0.8306728005409241]], [[0.3189314901828766, -0.9105880856513977, 0.26289185881614685], [0.770529568195343, 0.41062483191490173, 0.48751574754714966], [-0.5518758893013, 0.04708177596330643, 0.8325961232185364]], [[0.32457825541496277, -0.9087931513786316, 0.2621907591819763], [0.7700966000556946, 0.414854496717453, 0.48461025953292847], [-0.5491814613342285, 0.044618215411901474, 0.8345112204551697]], [[0.33021309971809387, -0.9069693088531494, 0.26146891713142395], [0.7696315050125122, 0.4190804660320282, 0.48170435428619385], [-0.5464675426483154, 0.04216962307691574, 0.8364179134368896]], [[0.3358357846736908, -0.905116617679596, 0.2607264518737793], [0.7691341638565063, 0.4233025312423706, 0.47879815101623535], [-0.5437342524528503, 0.039736058562994, 0.8383162021636963]], [[0.3414461612701416, -0.903235137462616, 0.25996333360671997], [0.7686047554016113, 0.4275205731391907, 0.47589176893234253], [-0.5409817099571228, 0.03731761500239372, 0.8402060270309448]], [[0.3470439612865448, -0.9013248085975647, 0.25917959213256836], [0.7680432200431824, 0.4317343831062317, 0.47298526763916016], [-0.5382100939750671, 0.03491443023085594, 0.8420872688293457]], [[0.35262900590896606, -0.899385929107666, 0.25837525725364685], [0.7674496173858643, 0.4359438419342041, 0.47007879614830017], [-0.5354193449020386, 0.03252657130360603, 0.8439598083496094]], [[0.3582010567188263, -0.8974184393882751, 0.2575503885746002], [0.7668238878250122, 0.4401487410068512, 0.4671725034713745], [-0.5326095819473267, 0.030154123902320862, 0.8458236455917358]], [[0.363759845495224, -0.8954224586486816, 0.25670498609542847], [0.7661662697792053, 0.4443489611148834, 0.46426647901535034], [-0.5297811627388, 0.027797196060419083, 0.8476787209510803]], [[0.36930519342422485, -0.8933980464935303, 0.25583913922309875], [0.7654765248298645, 0.44854432344436646, 0.4613608121871948], [-0.526934027671814, 0.02545587532222271, 0.8495249152183533]], [[0.37483683228492737, -0.8913453221321106, 0.2549527883529663], [0.7647547721862793, 0.4527345895767212, 0.4584556818008423], [-0.5240681767463684, 0.023130280897021294, 0.8513621687889099]], [[0.3803546726703644, -0.8892642855644226, 0.25404608249664307], [0.7640011310577393, 0.45691967010498047, 0.4555511474609375], [-0.521183967590332, 0.020820453763008118, 0.8531903624534607]], [[0.38585832715034485, -0.8871551156044006, 0.25311893224716187], [0.7632154822349548, 0.46109938621520996, 0.4526473581790924], [-0.5182813405990601, 0.01852654293179512, 0.8550094962120056]], [[0.391347736120224, -0.8850178718566895, 0.25217148661613464], [0.7623979449272156, 0.46527355909347534, 0.4497443735599518], [-0.5153604745864868, 0.01624857634305954, 0.8568194508552551]], [[0.3968225419521332, -0.8828525543212891, 0.251203715801239], [0.7615485191345215, 0.4694420397281647, 0.44684234261512756], [-0.5124214291572571, 0.013986693695187569, 0.8586201667785645]], [[0.40228259563446045, -0.880659282207489, 0.25021564960479736], [0.7606673240661621, 0.47360461950302124, 0.4439414143562317], [-0.5094643831253052, 0.011740963906049728, 0.8604115843772888]], [[0.4077277183532715, -0.8784382939338684, 0.24920740723609924], [0.7597543001174927, 0.4777612090110779, 0.4410416781902313], [-0.5064894556999207, 0.009511490352451801, 0.8621937036514282]], [[0.4131576418876648, -0.8761895298957825, 0.24817895889282227], [0.758809506893158, 0.4819115698337555, 0.43814319372177124], [-0.5034967660903931, 0.00729833310469985, 0.8639662861824036]], [[0.4185721278190613, -0.873913049697876, 0.2471303641796112], [0.7578330039978027, 0.4860556423664093, 0.43524616956710815], [-0.5004863142967224, 0.005101605784147978, 0.8657293915748596]], [[0.4239710569381714, -0.8716089725494385, 0.24606163799762726], [0.7568247318267822, 0.49019309878349304, 0.43235063552856445], [-0.4974583685398102, 0.0029213931411504745, 0.8674829006195068]], [[0.42935413122177124, -0.8692774772644043, 0.24497286975383759], [0.7557848691940308, 0.4943239390850067, 0.42945677042007446], [-0.49441301822662354, 0.0007577608921565115, 0.8692267537117004]], [[0.4347211420536041, -0.8669186234474182, 0.24386408925056458], [0.7547134757041931, 0.49844786524772644, 0.42656466364860535], [-0.49135032296180725, -0.0013891721609979868, 0.8709608912467957]], [[0.4400719106197357, -0.8645324110984802, 0.24273531138896942], [0.7536104321479797, 0.5025647878646851, 0.42367443442344666], [-0.48827046155929565, -0.003519345074892044, 0.8726851940155029]], [[0.4454062283039093, -0.8621189594268799, 0.2415866255760193], [0.7524758577346802, 0.5066745281219482, 0.42078620195388794], [-0.4851735830307007, -0.005632675252854824, 0.874399721622467]], [[0.4507238566875458, -0.8596785068511963, 0.24041806161403656], [0.7513098120689392, 0.5107769966125488, 0.41790005564689636], [-0.48205968737602234, -0.007729093544185162, 0.8761042356491089]], [[0.4560245871543884, -0.8572110533714294, 0.23922961950302124], [0.7501124143600464, 0.5148718953132629, 0.4150161147117615], [-0.47892895340919495, -0.009808454662561417, 0.8777987957000732]], [[0.4613082706928253, -0.8547167181968689, 0.23802141845226288], [0.7488835453987122, 0.5189591646194458, 0.4121345579624176], [-0.4757815897464752, -0.011870745569467545, 0.8794833421707153]], [[0.46657460927963257, -0.8521954417228699, 0.23679345846176147], [0.7476234436035156, 0.5230385661125183, 0.40925538539886475], [-0.4726176857948303, -0.01391586009413004, 0.8811576962471008]], [[0.47182345390319824, -0.8496475219726562, 0.2355457991361618], [0.7463319301605225, 0.5271100997924805, 0.4063788056373596], [-0.46943727135658264, -0.01594371721148491, 0.8828218579292297]], [[0.47705453634262085, -0.847072958946228, 0.23427847027778625], [0.745009183883667, 0.5311733484268188, 0.403504878282547], [-0.46624046564102173, -0.01795419305562973, 0.8844757676124573]], [[0.48226773738861084, -0.8444719314575195, 0.23299159109592438], [0.7436553835868835, 0.5352283120155334, 0.40063372254371643], [-0.46302759647369385, -0.019947290420532227, 0.8861193656921387]], [[0.4874627888202667, -0.8418444395065308, 0.23168514668941498], [0.7422704100608826, 0.5392748713493347, 0.39776551723480225], [-0.45979857444763184, -0.021922875195741653, 0.8877525925636292]], [[0.4926394820213318, -0.8391907215118408, 0.23035918176174164], [0.7408542633056641, 0.5433127880096436, 0.39490026235580444], [-0.4565536677837372, -0.023880869150161743, 0.8893753290176392]], [[0.4977976679801941, -0.8365107774734497, 0.22901380062103271], [0.7394071817398071, 0.5473418831825256, 0.3920381963253021], [-0.45329293608665466, -0.025821227580308914, 0.8909875154495239]], [[0.5029370784759521, -0.833804726600647, 0.2276490181684494], [0.7379291653633118, 0.5513620376586914, 0.3891793191432953], [-0.4500165283679962, -0.027743853628635406, 0.8925891518592834]], [[0.5080575346946716, -0.8310726881027222, 0.22626490890979767], [0.736420214176178, 0.5553730726242065, 0.38632380962371826], [-0.446724534034729, -0.029648661613464355, 0.8941801190376282]], [[0.5131588578224182, -0.8283147811889648, 0.2248615324497223], [0.7348804473876953, 0.5593748092651367, 0.3834717869758606], [-0.44341716170310974, -0.03153559938073158, 0.8957604169845581]], [[0.518240749835968, -0.8255311250686646, 0.22343890368938446], [0.7333099246025085, 0.5633671879768372, 0.38062334060668945], [-0.4400944411754608, -0.03340455889701843, 0.8973299264907837]], [[0.5233031511306763, -0.8227217793464661, 0.22199712693691254], [0.7317087054252625, 0.5673499703407288, 0.377778559923172], [-0.4367566406726837, -0.03525551036000252, 0.8988885879516602]], [[0.5283457636833191, -0.8198869228363037, 0.22053620219230652], [0.7300766706466675, 0.5713229775428772, 0.3749375641345978], [-0.43340373039245605, -0.03708833083510399, 0.9004363417625427]], [[0.5333684086799622, -0.8170266151428223, 0.21905626356601715], [0.7284141182899475, 0.5752860903739929, 0.3721005320549011], [-0.4300360083580017, -0.03890298306941986, 0.9019731283187866]], [[0.5383709669113159, -0.8141409754753113, 0.21755734086036682], [0.7267211079597473, 0.5792391896247864, 0.3692675232887268], [-0.42665350437164307, -0.04069940745830536, 0.9034989476203918]], [[0.5433531403541565, -0.8112301826477051, 0.21603946387767792], [0.7249975800514221, 0.5831820368766785, 0.3664386570453644], [-0.4232563376426697, -0.04247749596834183, 0.9050136804580688]], [[0.5483146905899048, -0.8082942366600037, 0.21450267732143402], [0.7232436537742615, 0.5871146321296692, 0.3636139929294586], [-0.41984468698501587, -0.044237203896045685, 0.9065172076225281]], [[0.5532556176185608, -0.8053333759307861, 0.21294710040092468], [0.7214594483375549, 0.5910366177558899, 0.36079370975494385], [-0.4164187014102936, -0.04597843438386917, 0.9080096483230591]], [[0.5581754446029663, -0.8023476004600525, 0.21137277781963348], [0.7196449637413025, 0.594947874546051, 0.3579779267311096], [-0.41297847032546997, -0.0477011501789093, 0.909490704536438]], [[0.5630742311477661, -0.7993371486663818, 0.209779754281044], [0.7178003787994385, 0.5988483428955078, 0.3551667332649231], [-0.4095241129398346, -0.04940525069832802, 0.9109604954719543]], [[0.5679517388343811, -0.7963020205497742, 0.20816810429096222], [0.7159256339073181, 0.6027378439903259, 0.35236021876335144], [-0.40605589747428894, -0.05109069123864174, 0.9124189615249634]], [[0.5728076100349426, -0.7932423949241638, 0.2065378874540329], [0.7140207886695862, 0.606616199016571, 0.3495585024356842], [-0.402573823928833, -0.05275740846991539, 0.9138659238815308]], [[0.5776419043540955, -0.7901584506034851, 0.2048892080783844], [0.7120860815048218, 0.6104832291603088, 0.3467617332935333], [-0.39907804131507874, -0.054405346512794495, 0.9153014421463013]], [[0.5824542045593262, -0.7870501279830933, 0.20322203636169434], [0.7101214528083801, 0.6143388748168945, 0.3439699709415436], [-0.39556872844696045, -0.0560343973338604, 0.9167253971099854]], [[0.5872443914413452, -0.7839178442955017, 0.20153650641441345], [0.7081270217895508, 0.6181828379631042, 0.3411833345890045], [-0.3920460641384125, -0.057644523680210114, 0.9181377291679382]], [[0.592012345790863, -0.7807613611221313, 0.19983269274234772], [0.7061029076576233, 0.6220151782035828, 0.33840200304985046], [-0.388510137796402, -0.059235699474811554, 0.9195384383201599]], [[0.596757709980011, -0.7775812149047852, 0.1981106698513031], [0.7040491700172424, 0.6258355379104614, 0.3356260061264038], [-0.3849610984325409, -0.06080777570605278, 0.9209274053573608]], [[0.6014804840087891, -0.7743771076202393, 0.1963704377412796], [0.701965868473053, 0.6296437978744507, 0.3328554630279541], [-0.3813990652561188, -0.062360748648643494, 0.922304630279541]], [[0.6061804294586182, -0.7711494565010071, 0.19461213052272797], [0.6998530030250549, 0.6334398984909058, 0.3300905227661133], [-0.37782418727874756, -0.06389454752206802, 0.9236700534820557]], [[0.6108573079109192, -0.7678982615470886, 0.19283577799797058], [0.6977108120918274, 0.6372236013412476, 0.3273312747478485], [-0.3742365539073944, -0.06540906429290771, 0.9250235557556152]], [[0.6155109405517578, -0.764623761177063, 0.1910414844751358], [0.6955392956733704, 0.6409948468208313, 0.32457783818244934], [-0.3706364631652832, -0.06690434366464615, 0.9263651371002197]], [[0.6201412081718445, -0.7613259553909302, 0.18922927975654602], [0.6933385133743286, 0.6447534561157227, 0.32183027267456055], [-0.36702391505241394, -0.06838024407625198, 0.9276947975158691]], [[0.6247479915618896, -0.7580050230026245, 0.18739928305149078], [0.6911086440086365, 0.6484993100166321, 0.3190886974334717], [-0.36339911818504333, -0.06983677297830582, 0.9290123581886292]], [[0.6293308734893799, -0.7546610832214355, 0.18555153906345367], [0.6888497471809387, 0.6522321105003357, 0.31635332107543945], [-0.3597622215747833, -0.07127377390861511, 0.9303178191184998]], [[0.6338897347450256, -0.7512943148612976, 0.18368609249591827], [0.6865617632865906, 0.6559518575668335, 0.31362414360046387], [-0.3561131954193115, -0.07269123941659927, 0.9316111207008362]], [[0.6384245753288269, -0.7479048371315002, 0.18180309236049652], [0.6842450499534607, 0.6596583724021912, 0.31090131402015686], [-0.35245248675346375, -0.0740891844034195, 0.9328922629356384]], [[0.6429351568222046, -0.744492769241333, 0.17990253865718842], [0.6818995475769043, 0.6633515357971191, 0.3081849217414856], [-0.34877997636795044, -0.07546743005514145, 0.9341611862182617]], [[0.6474210619926453, -0.7410582900047302, 0.1779845654964447], [0.6795253157615662, 0.6670310497283936, 0.3054750859737396], [-0.34509608149528503, -0.07682597637176514, 0.9354177713394165]], [[0.6518824696540833, -0.7376015186309814, 0.17604921758174896], [0.6771225333213806, 0.6706969141960144, 0.3027719557285309], [-0.3414006531238556, -0.07816480100154877, 0.9366620779037476]], [[0.6563189625740051, -0.7341225147247314, 0.17409658432006836], [0.6746911406517029, 0.6743489503860474, 0.3000755310058594], [-0.33769404888153076, -0.07948383688926697, 0.9378939270973206]], [[0.6607304215431213, -0.7306215167045593, 0.17212671041488647], [0.6722314953804016, 0.6779870390892029, 0.2973859906196594], [-0.33397623896598816, -0.08078300207853317, 0.939113438129425]], [[0.6651167869567871, -0.7270985245704651, 0.17013971507549286], [0.6697434782981873, 0.6816110014915466, 0.29470348358154297], [-0.33024755120277405, -0.0820622518658638, 0.9403203129768372]], [[0.669477641582489, -0.7235538363456726, 0.1681356579065323], [0.6672273278236389, 0.6852207779884338, 0.2920280396938324], [-0.3265079855918884, -0.08332154154777527, 0.941514790058136]], [[0.673812985420227, -0.7199874520301819, 0.16611462831497192], [0.6646829843521118, 0.6888160705566406, 0.28935983777046204], [-0.3227578401565552, -0.08456084877252579, 0.9426965713500977]], [[0.6781226396560669, -0.7163996696472168, 0.16407667100429535], [0.6621106863021851, 0.6923968195915222, 0.2866988778114319], [-0.3189971148967743, -0.0857800841331482, 0.9438657760620117]], [[0.682406485080719, -0.7127905488014221, 0.16202187538146973], [0.6595104932785034, 0.6959629058837891, 0.2840452790260315], [-0.3152259588241577, -0.0869792103767395, 0.9450222849845886]], [[0.6866642236709595, -0.7091602087020874, 0.1599504053592682], [0.6568824648857117, 0.6995141506195068, 0.28139927983283997], [-0.3114446997642517, -0.08815819770097733, 0.9461661577224731]], [[0.6908957362174988, -0.705508828163147, 0.15786223113536835], [0.6542267203330994, 0.703050434589386, 0.2787608802318573], [-0.3076533079147339, -0.0893169716000557, 0.9472971558570862]], [[0.6951009035110474, -0.7018365263938904, 0.15575748682022095], [0.6515434980392456, 0.7065715789794922, 0.27613013982772827], [-0.30385199189186096, -0.09045552462339401, 0.9484153985977173]], [[0.6992794871330261, -0.6981434226036072, 0.15363624691963196], [0.6488326191902161, 0.7100775241851807, 0.2735072672367096], [-0.3000408709049225, -0.09157376736402512, 0.9495207667350769]], [[0.7034313082695007, -0.6944297552108765, 0.15149863064289093], [0.6460945010185242, 0.7135680317878723, 0.27089232206344604], [-0.2962202727794647, -0.09267167747020721, 0.950613260269165]], [[0.7075562477111816, -0.690695583820343, 0.14934465289115906], [0.6433290243148804, 0.7170431017875671, 0.2682854235172272], [-0.2923901081085205, -0.09374924749135971, 0.9516927599906921]], [[0.7116541862487793, -0.6869411468505859, 0.14717449247837067], [0.6405364871025085, 0.7205024361610413, 0.26568663120269775], [-0.28855061531066895, -0.09480638802051544, 0.952759325504303]], [[0.7157248258590698, -0.6831664443016052, 0.14498814940452576], [0.6377168297767639, 0.7239459753036499, 0.2630961239337921], [-0.28470197319984436, -0.09584307670593262, 0.953812837600708]], [[0.7197681665420532, -0.6793718338012695, 0.14278572797775269], [0.6348702907562256, 0.7273736000061035, 0.26051393151283264], [-0.2808443605899811, -0.09685919433832169, 0.9548532366752625]], [[0.7237839698791504, -0.6755571961402893, 0.14056731760501862], [0.6319968700408936, 0.7307851910591125, 0.2579401731491089], [-0.2769777774810791, -0.09785483032464981, 0.9558805823326111]], [[0.7277721166610718, -0.6717230081558228, 0.1383330374956131], [0.6290968060493469, 0.7341804504394531, 0.255374938249588], [-0.2731025815010071, -0.09882987290620804, 0.9568947553634644]], [[0.7317324280738831, -0.6678691506385803, 0.13608293235301971], [0.6261700391769409, 0.7375594973564148, 0.25281834602355957], [-0.269218772649765, -0.09978430718183517, 0.9578957557678223]], [[0.7356646656990051, -0.6639958024024963, 0.1338171660900116], [0.6232168078422546, 0.7409220933914185, 0.2502705454826355], [-0.2653266191482544, -0.10071808844804764, 0.95888352394104]], [[0.739568829536438, -0.6601033210754395, 0.13153572380542755], [0.6202373504638672, 0.7442679405212402, 0.247731551527977], [-0.26142624020576477, -0.10163112729787827, 0.9598580002784729]], [[0.7434446215629578, -0.6561916470527649, 0.1292387694120407], [0.617231547832489, 0.7475971579551697, 0.24520154297351837], [-0.25751766562461853, -0.10252346098423004, 0.9608191847801208]], [[0.7472919225692749, -0.6522610187530518, 0.12692636251449585], [0.6141996383666992, 0.7509094476699829, 0.24268054962158203], [-0.2536012530326843, -0.10339506715536118, 0.9617670178413391]], [[0.7511106729507446, -0.6483116149902344, 0.12459864467382431], [0.6111417412757874, 0.7542048692703247, 0.2401687204837799], [-0.24967700242996216, -0.1042458638548851, 0.9627014994621277]], [[0.7549005746841431, -0.6443436145782471, 0.12225561589002609], [0.6080579161643982, 0.7574829459190369, 0.23766610026359558], [-0.24574515223503113, -0.10507576912641525, 0.9636225700378418]], [[0.7586616277694702, -0.6403570771217346, 0.11989746242761612], [0.6049484014511108, 0.7607438564300537, 0.23517286777496338], [-0.2418058067560196, -0.10588487237691879, 0.9645301103591919]], [[0.762393593788147, -0.6363521814346313, 0.11752422153949738], [0.6018131971359253, 0.7639874219894409, 0.23268911242485046], [-0.23785926401615143, -0.10667305439710617, 0.9654241800308228]], [[0.766096293926239, -0.6323291063308716, 0.11513599753379822], [0.5986523628234863, 0.7672134637832642, 0.23021486401557922], [-0.2339053750038147, -0.1074402928352356, 0.9663047194480896]], [[0.7697697281837463, -0.6282880902290344, 0.11273292452096939], [0.5954663157463074, 0.7704218029975891, 0.2277502566576004], [-0.2299446314573288, -0.10818659514188766, 0.9671717286109924]], [[0.7734135389328003, -0.6242291927337646, 0.11031501740217209], [0.5922549366950989, 0.7736124396324158, 0.22529540956020355], [-0.22597697377204895, -0.10891187191009521, 0.9680250883102417]], [[0.7770278453826904, -0.6201525926589966, 0.10788238793611526], [0.5890183448791504, 0.776785135269165, 0.22285032272338867], [-0.22200264036655426, -0.10961616784334183, 0.9688648581504822]], [[0.7806122303009033, -0.6160584688186646, 0.10543520748615265], [0.5857568383216858, 0.7799398303031921, 0.22041520476341248], [-0.2180217206478119, -0.11029937863349915, 0.9696909189224243]], [[0.7841667532920837, -0.6119468808174133, 0.10297350585460663], [0.5824704766273499, 0.7830764055252075, 0.21799010038375854], [-0.21403446793556213, -0.11096159368753433, 0.9705033898353577]], [[0.7876912355422974, -0.6078181862831116, 0.10049743205308914], [0.5791592597961426, 0.7861946225166321, 0.2155751883983612], [-0.21004100143909454, -0.11160262674093246, 0.9713020324707031]], [[0.7911853790283203, -0.603672444820404, 0.09800702333450317], [0.5758235454559326, 0.7892945408821106, 0.21317042410373688], [-0.20604147017002106, -0.1122225821018219, 0.9720869064331055]], [[0.7946491837501526, -0.5995097756385803, 0.09550242871046066], [0.5724632143974304, 0.7923758029937744, 0.21077604591846466], [-0.2020360678434372, -0.11282138526439667, 0.9728580117225647]], [[0.7980825304985046, -0.5953304767608643, 0.09298373013734818], [0.5690786242485046, 0.7954385876655579, 0.20839202404022217], [-0.1980249434709549, -0.11339898407459259, 0.9736153483390808]], [[0.8014852404594421, -0.5911345481872559, 0.09045097976922989], [0.5656697750091553, 0.7984824776649475, 0.20601847767829895], [-0.19400815665721893, -0.11395536363124847, 0.9743587970733643]], [[0.8048571944236755, -0.586922287940979, 0.08790436387062073], [0.5622369050979614, 0.8015074729919434, 0.20365558564662933], [-0.18998600542545319, -0.11449060589075089, 0.9750882983207703]], [[0.8081982731819153, -0.5826937556266785, 0.08534395694732666], [0.5587799549102783, 0.8045135736465454, 0.2013034075498581], [-0.18595854938030243, -0.11500459164381027, 0.9758039712905884]], [[0.811508297920227, -0.5784491896629333, 0.08276978880167007], [0.5552992224693298, 0.807500422000885, 0.19896192848682404], [-0.181925967335701, -0.11549729108810425, 0.9765056371688843]], [[0.8147872090339661, -0.5741887092590332, 0.0801820456981659], [0.5517948865890503, 0.8104681968688965, 0.19663141667842865], [-0.17788849771022797, -0.11596871167421341, 0.9771934151649475]], [[0.8180347681045532, -0.5699126720428467, 0.07758080959320068], [0.5482670068740845, 0.8134164810180664, 0.19431178271770477], [-0.17384622991085052, -0.11641880869865417, 0.9778671264648438]], [[0.8212509155273438, -0.5656208992004395, 0.07496614754199982], [0.5447156429290771, 0.8163453340530396, 0.1920032799243927], [-0.1697993278503418, -0.11684763431549072, 0.9785268902778625]], [[0.8244355916976929, -0.5613138675689697, 0.07233820855617523], [0.5411410927772522, 0.8192545771598816, 0.18970587849617004], [-0.16574791073799133, -0.11725505441427231, 0.9791725873947144]], [[0.8275884985923767, -0.5569915771484375, 0.0696970671415329], [0.5375434160232544, 0.8221442103385925, 0.18741974234580994], [-0.16169224679470062, -0.11764121800661087, 0.9798041582107544]], [[0.83070969581604, -0.5526542067527771, 0.06704284995794296], [0.5339227318763733, 0.8250138759613037, 0.18514494597911835], [-0.15763238072395325, -0.11800600588321686, 0.9804216623306274]], [[0.8337989449501038, -0.5483021140098572, 0.0643756315112114], [0.530279278755188, 0.8278637528419495, 0.18288154900074005], [-0.1535685509443283, -0.11834941059350967, 0.981024980545044]], [[0.8368560671806335, -0.5439351797103882, 0.06169553101062775], [0.5266130566596985, 0.8306934833526611, 0.180629700422287], [-0.14950089156627655, -0.11867136508226395, 0.9816142320632935]], [[0.839881181716919, -0.5395538806915283, 0.05900271236896515], [0.5229243040084839, 0.8335031270980835, 0.17838945984840393], [-0.1454295963048935, -0.11897194385528564, 0.9821893572807312]], [[0.8428739905357361, -0.5351580381393433, 0.05629715695977211], [0.5192131400108337, 0.836292564868927, 0.17616082727909088], [-0.1413547694683075, -0.11925119161605835, 0.9827502369880676]], [[0.8458343148231506, -0.530748188495636, 0.05357915163040161], [0.5154798626899719, 0.8390613794326782, 0.17394408583641052], [-0.13727664947509766, -0.11950888484716415, 0.9832968711853027]], [[0.8487621545791626, -0.5263242721557617, 0.050848621875047684], [0.5117242932319641, 0.8418099284172058, 0.17173923552036285], [-0.13319532573223114, -0.11974522471427917, 0.9838293194770813]], [[0.8516573905944824, -0.5218866467475891, 0.04810574650764465], [0.5079469084739685, 0.8445377945899963, 0.1695462167263031], [-0.12911096215248108, -0.11996005475521088, 0.9843474626541138]], [[0.8545198440551758, -0.5174353122711182, 0.04535064846277237], [0.5041477680206299, 0.847244918346405, 0.16736523807048798], [-0.1250237673521042, -0.12015348672866821, 0.9848513603210449]], [[0.8573495149612427, -0.5129704475402832, 0.04258343577384949], [0.5003268718719482, 0.8499312996864319, 0.16519640386104584], [-0.12093383818864822, -0.12032542377710342, 0.98534095287323]], [[0.8601460456848145, -0.5084924101829529, 0.03980422392487526], [0.49648454785346985, 0.8525967597961426, 0.163039892911911], [-0.11684142053127289, -0.12047594785690308, 0.985816240310669]], [[0.8629096150398254, -0.5040010213851929, 0.03701305761933327], [0.4926207363605499, 0.8552411794662476, 0.16089557111263275], [-0.11274660378694534, -0.12060495465993881, 0.986277163028717]], [[0.8656400442123413, -0.4994969367980957, 0.03421013429760933], [0.4887359142303467, 0.857864499092102, 0.15876363217830658], [-0.10864957422018051, -0.12071246653795242, 0.986723780632019]], [[0.8683370351791382, -0.4949800670146942, 0.03139554709196091], [0.48482996225357056, 0.860466480255127, 0.15664424002170563], [-0.1045505478978157, -0.12079846858978271, 0.9871559739112854]], [[0.8710006475448608, -0.49045050144195557, 0.028569353744387627], [0.4809030592441559, 0.8630472421646118, 0.1545373648405075], [-0.1004495695233345, -0.12086300551891327, 0.9875738024711609]], [[0.8736307621002197, -0.4859085977077484, 0.02573167346417904], [0.4769555330276489, 0.8656065464019775, 0.152443066239357], [-0.09634685516357422, -0.12090606987476349, 0.9879772067070007]], [[0.8762272596359253, -0.4813545048236847, 0.022882705554366112], [0.4729873538017273, 0.8681443333625793, 0.15036150813102722], [-0.09224267303943634, -0.12092763930559158, 0.9883662462234497]], [[0.8787901997566223, -0.4767882227897644, 0.02002246119081974], [0.4689987301826477, 0.8706604838371277, 0.14829279482364655], [-0.08813696354627609, -0.12092775106430054, 0.9887407422065735]], [[0.8813191056251526, -0.472210168838501, 0.017151078209280968], [0.4649898111820221, 0.8731547594070435, 0.14623691141605377], [-0.08403003960847855, -0.1209062859416008, 0.9891008734703064]], [[0.88381427526474, -0.4676204025745392, 0.014268752187490463], [0.46096086502075195, 0.875627338886261, 0.14419405162334442], [-0.0799221396446228, -0.1208634153008461, 0.9894465208053589]], [[0.8862752914428711, -0.46301934123039246, 0.011375484056770802], [0.45691201090812683, 0.8780779242515564, 0.1421641707420349], [-0.07581333070993423, -0.12079896032810211, 0.9897777438163757]], [[0.8887021541595459, -0.4584067463874817, 0.008471406996250153], [0.4528432786464691, 0.8805065155029297, 0.14014743268489838], [-0.07170365005731583, -0.12071304023265839, 0.9900943636894226]], [[0.8910948634147644, -0.4537830650806427, 0.005556732881814241], [0.44875502586364746, 0.8829129338264465, 0.1381438821554184], [-0.06759346276521683, -0.12060569226741791, 0.9903965592384338]], [[0.8934533596038818, -0.4491484761238098, 0.002631492679938674], [0.44464728236198425, 0.8852971792221069, 0.1361536830663681], [-0.0634828582406044, -0.12047681212425232, 0.9906842112541199]], [[0.8957772254943848, -0.4445030987262726, -0.00030416325898841023], [0.4405202269554138, 0.8876590728759766, 0.1341768056154251], [-0.059372011572122574, -0.12032651156187057, 0.9909573793411255]], [[0.8980667591094971, -0.4398471415042877, -0.0032502051908522844], [0.4363740384578705, 0.8899984955787659, 0.1322133094072342], [-0.05526096746325493, -0.12015464156866074, 0.9912159442901611]], [[0.9003217816352844, -0.4351807236671448, -0.006206377875059843], [0.4322088360786438, 0.8923155069351196, 0.13026343286037445], [-0.051150042563676834, -0.11996139585971832, 0.9914599657058716]], [[0.902541995048523, -0.43050411343574524, -0.009172693826258183], [0.4280247986316681, 0.8946099877357483, 0.12832705676555634], [-0.04703933000564575, -0.11974668502807617, 0.9916895031929016]], [[0.9047275185585022, -0.4258175790309906, -0.012148946523666382], [0.42382219433784485, 0.8968816995620728, 0.12640438973903656], [-0.042929016053676605, -0.11951051652431488, 0.9919043779373169]], [[0.9068781733512878, -0.42112112045288086, -0.015135054476559162], [0.4196011424064636, 0.8991305828094482, 0.12449546158313751], [-0.03881924971938133, -0.11925289034843445, 0.9921047687530518]], [[0.9089938402175903, -0.4164150357246399, -0.018130887299776077], [0.4153617322444916, 0.9013566374778748, 0.12260039150714874], [-0.03471025824546814, -0.11897382140159607, 0.9922904968261719]], [[0.9110745787620544, -0.41169947385787964, -0.021136322990059853], [0.4111042618751526, 0.9035598635673523, 0.12071916460990906], [-0.030602093786001205, -0.1186733990907669, 0.9924616813659668]], [[0.9131202101707458, -0.40697455406188965, -0.02415122650563717], [0.40682873129844666, 0.9057398438453674, 0.11885196715593338], [-0.026494959369301796, -0.11835157126188278, 0.9926182627677917]], [[0.915130615234375, -0.4022406041622162, -0.027175595983862877], [0.40253540873527527, 0.9078968167304993, 0.11699879914522171], [-0.02238902822136879, -0.11800827085971832, 0.992760181427002]], [[0.9171057939529419, -0.3974977135658264, -0.030209161341190338], [0.39822447299957275, 0.9100306034088135, 0.11515972018241882], [-0.018284419551491737, -0.11764364689588547, 0.992887556552887]], [[0.9190456867218018, -0.3927461802959442, -0.03325183317065239], [0.39389610290527344, 0.912140965461731, 0.11333485692739487], [-0.014181425794959068, -0.11725766956806183, 0.9930002689361572]], [[0.9209499955177307, -0.38798588514328003, -0.036303550004959106], [0.3895503282546997, 0.9142280220985413, 0.11152429133653641], [-0.010080120526254177, -0.1168503388762474, 0.9930983185768127]], [[0.9228189587593079, -0.3832175135612488, -0.039364129304885864], [0.385187566280365, 0.9162916541099548, 0.10972803831100464], [-0.005980644840747118, -0.1164216548204422, 0.9931818842887878]], [[0.9246523380279541, -0.378440797328949, -0.04243357479572296], [0.3808077275753021, 0.9183317422866821, 0.10794616490602493], [-0.0018831680063158274, -0.1159716546535492, 0.9932507276535034]], [[0.9264500141143799, -0.3736562132835388, -0.04551156610250473], [0.37641116976737976, 0.9203481674194336, 0.10617882013320923], [0.0022121069487184286, -0.11550037562847137, 0.9933049082756042]], [[0.9282121658325195, -0.3688638210296631, -0.04859812185168266], [0.37199798226356506, 0.9223409295082092, 0.10442595928907394], [0.006305090617388487, -0.11500786244869232, 0.9933446049690247]], [[0.9299383759498596, -0.36406373977661133, -0.05169307440519333], [0.3675684630870819, 0.9243099093437195, 0.1026877611875534], [0.010395562276244164, -0.11449404060840607, 0.9933695793151855]], [[0.9316288828849792, -0.35925644636154175, -0.05479635298252106], [0.3631226122379303, 0.92625492811203, 0.10096420347690582], [0.014483382925391197, -0.11395896226167679, 0.9933798909187317]], [[0.93328332901000