{
 "cells": [
  {
   "cell_type": "code",
   "execution_count": 2,
   "metadata": {},
   "outputs": [
    {
     "name": "stdout",
     "output_type": "stream",
     "text": [
      "The autoreload extension is already loaded. To reload it, use:\n",
      "  %reload_ext autoreload\n"
     ]
    }
   ],
   "source": [
    "%load_ext autoreload\n",
    "%autoreload 2"
   ]
  },
  {
   "cell_type": "code",
   "execution_count": 4,
   "metadata": {},
   "outputs": [],
   "source": [
    "import torch\n",
    "import numpy as np\n",
    "from lie_vae.datasets import ToyDataset\n",
    "from lie_vae.vae import ChairsVAE\n",
    "from lie_vae.lie_tools import block_wigner_matrix_multiply, random_quaternions, quaternions_to_eazyz, \\\n",
    "    group_matrix_to_eazyz, group_matrix_to_quaternions, random_group_matrices, rodrigues, quaternions_to_group_matrix, vector_to_eazyz, SO3_coordinates\n",
    "from lie_vae.utils import expand_dim\n",
    "from sklearn.decomposition import PCA\n",
    "import matplotlib.pyplot as plt\n",
    "from mpl_toolkits.mplot3d import Axes3D\n",
    "from collections import OrderedDict\n",
    "\n",
    "torch.no_grad().__enter__()"
   ]
  },
  {
   "cell_type": "code",
   "execution_count": 18,
   "metadata": {},
   "outputs": [],
   "source": [
    "device = torch.device('cuda:0')\n",
    "# Dataset: https://drive.google.com/open?id=1uIbBbqDVlPNP047n4parVMJtOWj21pTJ\n",
    "dataset = ToyDataset()\n",
    "spectrum = dataset[0][1].to(device)\n",
    "\n",
    "def data_gen(g):\n",
    "    angles = quaternions_to_eazyz(group_matrix_to_quaternions(g))\n",
    "    return block_wigner_matrix_multiply(angles, expand_dim(spectrum, angles.shape[0]), 3)"
   ]
  },
  {
   "cell_type": "code",
   "execution_count": 19,
   "metadata": {},
   "outputs": [],
   "source": [
    "def circle(n, mu=None, device=None):\n",
    "    start = torch.zeros(1, 3, device=device)\n",
    "    end = torch.randn(1, 3, device=device)\n",
    "    end = end / end.norm() * 2 * np.pi\n",
    "    end = end + start\n",
    "    t = torch.linspace(0, 1, n).to(device)[:, None]\n",
    "    x = (1-t) * start + end * t\n",
    "    g = rodrigues(x)\n",
    "    g[0] = torch.eye(3, device=device)\n",
    "    if mu is not None:\n",
    "        if mu == 'random':\n",
    "            mu = random_group_matrices(1, device=device)[0]\n",
    "        g = expand_dim(mu, n).bmm(g)\n",
    "    return g\n",
    "\n",
    "def random_walk2(n, scale=0.1, start='random', device=None, qr_freq=None):\n",
    "    x = rodrigues(torch.randn(n-1, 3, device=device) * scale)\n",
    "    if start == 'random':\n",
    "        start = random_group_matrices(1, device=device)[0]\n",
    "    elif start == 'e':\n",
    "        start = torch.eye(3, device=device)\n",
    "    else:\n",
    "        raise ValueError()\n",
    "    gs = [start]\n",
    "    for i in range(n-1):\n",
    "        gs.append(gs[i] @ x[i])\n",
    "        \n",
    "        if qr_freq is not None and (i+1)%qr_freq == 0:\n",
    "            gs[-1] = torch.qr(gs[-1])[0]\n",
    "    \n",
    "    return torch.stack(gs, 0)\n",
    "\n",
    "def random_walk(n, scale=0.1, start='random', device=None, qr_freq=None, integrate=5):\n",
    "    alg = torch.randn(n, 3, device=device) * scale\n",
    "    for _ in range(integrate):\n",
    "        alg = torch.cumsum(alg, 0)\n",
    "    g = rodrigues(alg)\n",
    "    g[0] = torch.eye(3, device=device)\n",
    "    if start is not None:\n",
    "        if start == 'random':\n",
    "            start = random_group_matrices(1, device=device)[0]\n",
    "        g = expand_dim(start, n).bmm(g)\n",
    "    return g\n",
    "\n",
    "def repeated_colors(n, sections):\n",
    "    colors = ['tab:blue', 'tab:orange', 'tab:green', 'tab:red', 'tab:purple', 'tab:brown', 'tab:pink', 'tab:gray', 'tab:olive', 'tab:cyan']\n",
    "    repeats = int(np.ceil(n / sections))\n",
    "    return np.repeat(np.array(colors[:sections]), repeats)\n",
    "\n",
    "def discontinuities(x, zero_mean=False):\n",
    "    x = np.asarray(x)\n",
    "    d = x[1:]-x[:-1]\n",
    "    disc = (d**2).reshape((x.shape[0]-1, -1)).sum(1)\n",
    "    if zero_mean:\n",
    "        disc -= disc.mean()\n",
    "    return disc"
   ]
  },
  {
   "cell_type": "code",
   "execution_count": 20,
   "metadata": {},
   "outputs": [],
   "source": [
    "model_names = [\n",
    "    'toyl3-3-ae-action-q',\n",
    "    'toyl3-3-ae-action-alg',\n",
    "    'toyl3-3-ae-action-s2s2',\n",
    "    'toyl3-3-ae-action-s2s1',\n",
    "    'toyl3-3-ae-mlp-q',\n",
    "    'toyl3-3-ae-mlp-alg',\n",
    "    'toyl3-3-ae-mlp-s2s2',\n",
    "    'toyl3-3-ae-mlp-s2s1',\n",
    "    'toyl3-3-ae-action-normal3',\n",
    "    'toyl3-3-ae-mlp-normal30',\n",
    "    'toyl3-3-ae-mlp-normal3',\n",
    "    'toyl3-3-ae-action-vmfq',\n",
    "    'toyl3-3-ae-mlp-vmf',\n",
    "    'toyl3-3-vae-action-q',\n",
    "    'toyl3-3-vae-action-alg',\n",
    "    'toyl3-3-vae-action-s2s2',\n",
    "    'toyl3-3-vae-action-s2s1',\n",
    "    'toyl3-3-vae-mlp-q',\n",
    "    'toyl3-3-vae-mlp-alg',\n",
    "    'toyl3-3-vae-mlp-s2s2',\n",
    "    'toyl3-3-vae-mlp-s2s1',\n",
    "    'toyl3-3-vae-action-normal3',\n",
    "    'toyl3-3-vae-mlp-normal30',\n",
    "    'toyl3-3-vae-mlp-normal3',\n",
    "    'toyl3-3-vae-action-vmfq',\n",
    "    'toyl3-3-vae-mlp-vmf',\n",
    "]\n",
    "parts = [n.split('-')[2:] for n in model_names]\n",
    "\n",
    "models = OrderedDict()\n",
    "for name in model_names:\n",
    "    parts = name.split('-')[2:]\n",
    "    \n",
    "    normal_dims = 3\n",
    "    if parts[2] == 'normal3':\n",
    "        latent = 'normal'\n",
    "    elif parts[2] == 'normal30':\n",
    "        latent = 'normal'\n",
    "        normal_dims = 30\n",
    "    elif parts[2] in ['s2s2', 'alg', 's2s1', 'q']:\n",
    "        latent = 'so3'\n",
    "    elif parts[2] in ['vmf', 'vmfq']:\n",
    "        latent = parts[2]\n",
    "    else:\n",
    "        raise RuntimeError()\n",
    "    \n",
    "    model = ChairsVAE(\n",
    "        latent_mode=latent,\n",
    "        mean_mode=parts[2],\n",
    "        decoder_mode=parts[1],\n",
    "        encode_mode='toy',\n",
    "        deconv_mode='toy',\n",
    "        rep_copies=3,\n",
    "        degrees=3,\n",
    "        deterministic=(parts[0] == 'ae'),\n",
    "        single_id=True,\n",
    "        normal_dims=normal_dims\n",
    "    ).to(device)\n",
    "    model.load_state_dict(torch.load('outputs/'+name+'/model.pickle'))\n",
    "    \n",
    "    models['-'.join(parts)] = model"
   ]
  },
  {
   "cell_type": "code",
   "execution_count": 21,
   "metadata": {},
   "outputs": [],
   "source": [
    "g = circle(1000, 'random', device=device)\n",
    "# g = random_walk(1000, start='random', scale=1E-12, device=device, qr_freq=1)"
   ]
  },
  {
   "cell_type": "code",
   "execution_count": 22,
   "metadata": {},
   "outputs": [
    {
     "name": "stdout",
     "output_type": "stream",
     "text": [
      "[[[-0.3424311876296997, 0.6900020837783813, 0.6376816630363464], [-0.7408779859542847, -0.6156949996948242, 0.26836445927619934], [0.5777894854545593, -0.38054797053337097, 0.7220405340194702]], [[-0.34624183177948, 0.6857170462608337, 0.6402410864830017], [-0.7385571599006653, -0.620058536529541, 0.2646898627281189], [0.5784893035888672, -0.38120797276496887, 0.721131443977356]], [[-0.35003721714019775, 0.6814043521881104, 0.6427767872810364], [-0.7362127304077148, -0.6243959665298462, 0.26099929213523865], [0.5791932344436646, -0.38186100125312805, 0.7202203869819641]], [[-0.3538171648979187, 0.6770642995834351, 0.6452885270118713], [-0.7338446974754333, -0.6287068724632263, 0.25729286670684814], [0.5799010992050171, -0.38250696659088135, 0.7193073630332947]], [[-0.35758164525032043, 0.6726970076560974, 0.6477762460708618], [-0.7314532995223999, -0.6329913139343262, 0.2535707354545593], [0.5806130766868591, -0.38314583897590637, 0.7183924913406372]], [[-0.36133038997650146, 0.6683026552200317, 0.650239884853363], [-0.7290384769439697, -0.6372490525245667, 0.24983307719230652], [0.5813288688659668, -0.3837776184082031, 0.7174757719039917]], [[-0.36506330966949463, 0.6638813018798828, 0.6526792645454407], [-0.7266004681587219, -0.6414798498153687, 0.24608001112937927], [0.5820485353469849, -0.3844023048877716, 0.7165572643280029]], [[-0.368780255317688, 0.6594333648681641, 0.6550944447517395], [-0.7241392135620117, -0.6456837058067322, 0.24231171607971191], [0.5827721953392029, -0.38501986861228943, 0.7156369686126709]], [[-0.3724810779094696, 0.6549587845802307, 0.6574851274490356], [-0.721655011177063, -0.6498602032661438, 0.2385282963514328], [0.5834997296333313, -0.38563019037246704, 0.7147148847579956]], [[-0.37616559863090515, 0.6504578590393066, 0.6598514318466187], [-0.719147801399231, -0.6540094017982483, 0.23472994565963745], [0.5842310786247253, -0.3862333595752716, 0.7137911915779114]], [[-0.37983375787734985, 0.6459307670593262, 0.6621931195259094], [-0.7166177034378052, -0.6581311225891113, 0.2309167981147766], [0.5849661231040955, -0.38682934641838074, 0.7128657698631287]], [[-0.3834852874279022, 0.6413776278495789, 0.6645101308822632], [-0.71406489610672, -0.662225067615509, 0.22708898782730103], [0.5857051014900208, -0.38741806149482727, 0.7119387984275818]], [[-0.3871201276779175, 0.6367986798286438, 0.6668023467063904], [-0.7114892601966858, -0.6662911176681519, 0.22324669361114502], [0.5864477157592773, -0.3879995048046112, 0.7110101580619812]], [[-0.3907381296157837, 0.6321940422058105, 0.669069766998291], [-0.7088913321495056, -0.6703291535377502, 0.21939006447792053], [0.5871940851211548, -0.38857364654541016, 0.7100800275802612]], [[-0.3943391442298889, 0.6275639533996582, 0.6713122129440308], [-0.7062707543373108, -0.6743389964103699, 0.21551921963691711], [0.5879441499710083, -0.3891405165195465, 0.7091482877731323]], [[-0.39792296290397644, 0.6229085922241211, 0.6735295653343201], [-0.70362788438797, -0.6783205270767212, 0.2116343379020691], [0.5886978507041931, -0.3897000551223755, 0.7082151174545288]], [[-0.4014895260334015, 0.6182281374931335, 0.6757219433784485], [-0.7009627223014832, -0.6822735071182251, 0.2077355980873108], [0.5894551277160645, -0.3902522325515747, 0.7072805762290955]], [[-0.40503865480422974, 0.6135227084159851, 0.6778889894485474], [-0.6982755064964294, -0.6861978769302368, 0.20382310450077057], [0.5902161598205566, -0.39079704880714417, 0.7063445448875427]], [[-0.40857023000717163, 0.6087926030158997, 0.6800307631492615], [-0.6955661773681641, -0.6900933384895325, 0.19989700615406036], [0.590980589389801, -0.3913344442844391, 0.7054072022438049]], [[-0.41208410263061523, 0.6040379405021667, 0.6821471452713013], [-0.6928349137306213, -0.6939599514007568, 0.1959575116634369], [0.5917486548423767, -0.3918644189834595, 0.7044684290885925]], [[-0.415580153465271, 0.5992588996887207, 0.6842381358146667], [-0.6900818943977356, -0.6977973580360413, 0.19200477004051208], [0.5925201773643494, -0.3923870027065277, 0.7035284638404846]], [[-0.4190582036972046, 0.5944557785987854, 0.6863034963607788], [-0.6873071193695068, -0.7016055583953857, 0.1880389004945755], [0.593295156955719, -0.39290207624435425, 0.7025871872901917]], [[-0.4225181043148041, 0.5896285772323608, 0.6883432865142822], [-0.6845107674598694, -0.7053841948509216, 0.18406006693840027], [0.5940736532211304, -0.3934096693992615, 0.7016447186470032]], [[-0.4259597659111023, 0.5847776532173157, 0.6903573870658875], [-0.6816928386688232, -0.7091334462165833, 0.1800684779882431], [0.5948554873466492, -0.3939098119735718, 0.7007010579109192]], [[-0.4293830692768097, 0.5799030661582947, 0.6923456192016602], [-0.6788536310195923, -0.7128528356552124, 0.17606419324874878], [0.5956407785415649, -0.3944023549556732, 0.6997562646865845]], [[-0.43278783559799194, 0.5750051736831665, 0.6943080425262451], [-0.6759931445121765, -0.7165423631668091, 0.17204749584197998], [0.5964294075965881, -0.39488741755485535, 0.698810338973999]], [[-0.4361739158630371, 0.5700840353965759, 0.6962445378303528], [-0.6731113791465759, -0.7202019095420837, 0.1680184304714203], [0.597221314907074, -0.395364910364151, 0.6978633403778076]], [[-0.43954119086265564, 0.5651398301124573, 0.6981549859046936], [-0.670208752155304, -0.7238313555717468, 0.1639772206544876], [0.5980165004730225, -0.39583486318588257, 0.696915328502655]], [[-0.44288960099220276, 0.5601727962493896, 0.7000393271446228], [-0.667285144329071, -0.7274303436279297, 0.1599240005016327], [0.5988150238990784, -0.3962971568107605, 0.6959663033485413]], [[-0.44621890783309937, 0.5551832914352417, 0.7018975615501404], [-0.664340615272522, -0.7309990525245667, 0.15585896372795105], [0.5996167063713074, -0.39675188064575195, 0.6950163245201111]], [[-0.4495290219783783, 0.5501712560653687, 0.703729510307312], [-0.6613754630088806, -0.7345370054244995, 0.15178222954273224], [0.6004216074943542, -0.39719894528388977, 0.6940654516220093]], [[-0.4528198540210724, 0.5451369881629944, 0.7055351138114929], [-0.6583898067474365, -0.738044261932373, 0.14769397675991058], [0.601229727268219, -0.39763835072517395, 0.6931136846542358]], [[-0.45609116554260254, 0.5400806665420532, 0.7073143720626831], [-0.6553835272789001, -0.7415207624435425, 0.14359435439109802], [0.6020408868789673, -0.3980701267719269, 0.6921610236167908]], [[-0.459342896938324, 0.535002589225769, 0.709067165851593], [-0.6523570418357849, -0.7449662089347839, 0.13948358595371246], [0.6028551459312439, -0.3984941840171814, 0.6912076473236084]], [[-0.46257492899894714, 0.5299028158187866, 0.7107934355735779], [-0.649310290813446, -0.7483804225921631, 0.13536174595355988], [0.6036725044250488, -0.3989105522632599, 0.6902534365653992]], [[-0.4657871425151825, 0.5247817039489746, 0.7124930620193481], [-0.6462435126304626, -0.7517634630203247, 0.13122905790805817], [0.6044929027557373, -0.39931923151016235, 0.6892985105514526]], [[-0.4689793884754181, 0.5196393132209778, 0.7141660451889038], [-0.6431566476821899, -0.7551150321960449, 0.1270856410264969], [0.6053162813186646, -0.39972013235092163, 0.6883429288864136]], [[-0.4721515476703644, 0.51447594165802, 0.7158123850822449], [-0.640049934387207, -0.7584351301193237, 0.12293170392513275], [0.6061426997184753, -0.4001133143901825, 0.6873866319656372]], [[-0.47530344128608704, 0.5092917680740356, 0.7174318432807922], [-0.6369234919548035, -0.761723518371582, 0.1187673956155777], [0.6069719791412354, -0.40049871802330017, 0.6864297389984131]], [[-0.47843503952026367, 0.5040869116783142, 0.7190244793891907], [-0.6337775588035583, -0.7649800777435303, 0.11459285020828247], [0.6078041791915894, -0.40087634325027466, 0.6854722499847412]], [[-0.48154619336128235, 0.49886173009872437, 0.7205901741981506], [-0.6306120157241821, -0.7682046890258789, 0.11040826141834259], [0.6086392998695374, -0.40124616026878357, 0.6845142245292664]], [[-0.48463666439056396, 0.4936163127422333, 0.7221288681030273], [-0.6274271607398987, -0.7713972926139832, 0.10621379315853119], [0.609477162361145, -0.4016082286834717, 0.6835556626319885]], [[-0.4877064824104309, 0.48835092782974243, 0.7236405611038208], [-0.6242230534553528, -0.7745577096939087, 0.1020096093416214], [0.6103178858757019, -0.40196242928504944, 0.6825966835021973]], [[-0.49075546860694885, 0.48306575417518616, 0.7251251935958862], [-0.6209998726844788, -0.777685821056366, 0.09779589623212814], [0.6111614108085632, -0.40230873227119446, 0.6816372871398926]], [[-0.49378350377082825, 0.4777609407901764, 0.7265825867652893], [-0.6177576184272766, -0.7807813882827759, 0.09357278048992157], [0.6120076179504395, -0.4026472270488739, 0.6806774735450745]], [[-0.49679043889045715, 0.4724368751049042, 0.72801274061203], [-0.6144965887069702, -0.783844530582428, 0.0893404632806778], [0.6128565669059753, -0.40297791361808777, 0.6797173023223877]], [[-0.4997762143611908, 0.4670936167240143, 0.7294157147407532], [-0.6112169027328491, -0.7868748903274536, 0.08509907126426697], [0.6137081384658813, -0.4033006727695465, 0.678756833076477]], [[-0.5027406215667725, 0.4617314040660858, 0.7307912707328796], [-0.6079185009002686, -0.7898725271224976, 0.08084885030984879], [0.6145623326301575, -0.4036155641078949, 0.6777961254119873]], [[-0.5056836605072021, 0.4563504457473755, 0.7321394681930542], [-0.6046016216278076, -0.7928371429443359, 0.07658982276916504], [0.615419328212738, -0.40392249822616577, 0.6768350601196289]], [[-0.5086051821708679, 0.45095106959342957, 0.7334602475166321], [-0.6012665629386902, -0.7957688570022583, 0.07232234627008438], [0.6162787079811096, -0.4042215943336487, 0.675873875617981]], [[-0.5115048885345459, 0.44553330540657043, 0.7347534894943237], [-0.5979131460189819, -0.7986673712730408, 0.0680464506149292], [0.6171406507492065, -0.4045127034187317, 0.6749125123023987]], [[-0.5143829584121704, 0.440097451210022, 0.7360191941261292], [-0.5945416688919067, -0.8015325665473938, 0.0637623742222786], [0.6180050373077393, -0.40479588508605957, 0.6739510297775269]], [[-0.5172390937805176, 0.43464383482933044, 0.7372573018074036], [-0.5911523699760437, -0.8043644428253174, 0.05947025120258331], [0.6188719868659973, -0.40507110953330994, 0.6729894280433655]], [[-0.5200732350349426, 0.4291723966598511, 0.738467812538147], [-0.587745189666748, -0.8071628212928772, 0.05517026036977768], [0.6197413206100464, -0.4053383767604828, 0.6720278263092041]], [[-0.522885262966156, 0.42368364334106445, 0.7396506667137146], [-0.5843204259872437, -0.8099275827407837, 0.05086257681250572], [0.620613157749176, -0.4055977165699005, 0.6710662245750427]], [[-0.5256750583648682, 0.41817763447761536, 0.7408056855201721], [-0.5808780789375305, -0.8126586079597473, 0.04654734581708908], [0.6214872002601624, -0.40584900975227356, 0.6701046228408813]], [[-0.5284425616264343, 0.4126546382904053, 0.7419329881668091], [-0.5774183869361877, -0.8153558969497681, 0.04222476854920387], [0.6223636865615845, -0.4060923755168915, 0.6691430807113647]], [[-0.5311875343322754, 0.4071148633956909, 0.7430323958396912], [-0.5739412903785706, -0.8180191516876221, 0.03789500519633293], [0.6232424378395081, -0.4063276946544647, 0.6681815981864929]], [[-0.5339100360870361, 0.40155845880508423, 0.7441040277481079], [-0.5704472064971924, -0.8206484317779541, 0.03355824947357178], [0.6241234540939331, -0.4065549969673157, 0.6672203540802002]], [[-0.5366098284721375, 0.39598575234413147, 0.745147705078125], [-0.5669361352920532, -0.8232435584068298, 0.029214641079306602], [0.6250066757202148, -0.4067743122577667, 0.6662591695785522]], [[-0.5392868518829346, 0.39039695262908936, 0.7461634278297424], [-0.5634081959724426, -0.8258043527603149, 0.024864358827471733], [0.6258920431137085, -0.4069855511188507, 0.665298342704773]], [[-0.5419410467147827, 0.38479211926460266, 0.7471511363983154], [-0.5598635077476501, -0.8283310532569885, 0.020507562905550003], [0.6267796754837036, -0.4071888029575348, 0.664337694644928]], [[-0.5445722341537476, 0.3791717290878296, 0.748110830783844], [-0.5563023686408997, -0.8308231234550476, 0.016144467517733574], [0.6276693940162659, -0.4073839485645294, 0.6633773446083069]], [[-0.5471802949905396, 0.3735358417034149, 0.7490423917770386], [-0.5527247190475464, -0.8332806825637817, 0.011775204911828041], [0.6285611391067505, -0.40757110714912415, 0.6624172925949097]], [[-0.5497651696205139, 0.36788469552993774, 0.7499459385871887], [-0.5491307973861694, -0.8357036113739014, 0.007399941794574261], [0.6294549703598022, -0.4077501893043518, 0.6614575982093811]], [[-0.5523267984390259, 0.3622185289859772, 0.7508212924003601], [-0.5455207824707031, -0.8380918502807617, 0.0030189170502126217], [0.6303507685661316, -0.4079211950302124, 0.6604983806610107]], [[-0.5548651218414307, 0.35653769969940186, 0.7516685724258423], [-0.5418947339057922, -0.8404452204704285, -0.0013677342794835567], [0.6312485933303833, -0.40808412432670593, 0.6595395803451538]], [[-0.5573797821998596, 0.3508422374725342, 0.7524875402450562], [-0.5382528901100159, -0.8427637815475464, -0.005759848281741142], [0.6321483850479126, -0.4082390069961548, 0.6585812568664551]], [[-0.5598709583282471, 0.34513238072395325, 0.7532782554626465], [-0.5345953702926636, -0.8450471758842468, -0.010157259181141853], [0.6330500841140747, -0.4083857536315918, 0.6576234698295593]], [[-0.5623384118080139, 0.3394084572792053, 0.7540406584739685], [-0.5309221148490906, -0.8472955226898193, -0.014559832401573658], [0.6339536309242249, -0.40852442383766174, 0.6566662788391113]], [[-0.5647820830345154, 0.33367058634757996, 0.7547748684883118], [-0.5272336006164551, -0.8495087027549744, -0.018967268988490105], [0.634859025478363, -0.408655047416687, 0.6557096242904663]], [[-0.5672018527984619, 0.32791900634765625, 0.7554806470870972], [-0.5235296487808228, -0.8516866564750671, -0.023379551246762276], [0.6357662081718445, -0.40877750515937805, 0.6547536253929138]], [[-0.5695977210998535, 0.32215413451194763, 0.7561581134796143], [-0.5198107361793518, -0.8538292050361633, -0.027796367183327675], [0.6366751194000244, -0.408891886472702, 0.6537982821464539]], [[-0.5719694495201111, 0.3163759708404541, 0.7568071484565735], [-0.5160768032073975, -0.8559361696243286, -0.032217640429735184], [0.6375858187675476, -0.4089981019496918, 0.6528436541557312]], [[-0.5743170380592346, 0.31058481335639954, 0.7574278116226196], [-0.512328028678894, -0.8580077886581421, -0.03664308786392212], [0.6384981870651245, -0.40909627079963684, 0.6518897414207458]], [[-0.5766403675079346, 0.3047809898853302, 0.7580200433731079], [-0.5085645318031311, -0.8600436449050903, -0.041072648018598557], [0.6394122838973999, -0.4091862738132477, 0.6509366631507874]], [[-0.5789393186569214, 0.2989646792411804, 0.7585837841033936], [-0.5047866106033325, -0.8620439171791077, -0.045506034046411514], [0.6403278708457947, -0.4092681407928467, 0.6499844789505005]], [[-0.5812137722969055, 0.29313600063323975, 0.7591190338134766], [-0.5009942054748535, -0.864008367061615, -0.049943190068006516], [0.6412451267242432, -0.409341961145401, 0.6490330100059509]], [[-0.5834638476371765, 0.28729525208473206, 0.7596257925033569], [-0.49718761444091797, -0.8659370541572571, -0.054383907467126846], [0.642163872718811, -0.4094076156616211, 0.6480824947357178]], [[-0.5856891870498657, 0.28144267201423645, 0.7601040601730347], [-0.49336689710617065, -0.8678297400474548, -0.05882793664932251], [0.6430841684341431, -0.40946510434150696, 0.647132933139801]], [[-0.5878897905349731, 0.2755785584449768, 0.7605537176132202], [-0.4895322918891907, -0.8696863651275635, -0.06327516585588455], [0.6440059542655945, -0.409514456987381, 0.6461843848228455]], [[-0.5900656580924988, 0.2697030007839203, 0.7609748244285583], [-0.4856839179992676, -0.8715069890022278, -0.06772544980049133], [0.6449291706085205, -0.40955567359924316, 0.6452367305755615]], [[-0.5922166109085083, 0.26381632685661316, 0.7613673806190491], [-0.48182186484336853, -0.8732913732528687, -0.07217852026224136], [0.6458538174629211, -0.4095887839794159, 0.6442902088165283]], [[-0.5943426489830017, 0.2579188942909241, 0.7617312669754028], [-0.4779464304447174, -0.8750396966934204, -0.07663420587778091], [0.6467797756195068, -0.4096137285232544, 0.6433447599411011]], [[-0.5964436531066895, 0.2520105838775635, 0.762066662311554], [-0.47405755519866943, -0.876751720905304, -0.08109251409769058], [0.6477071046829224, -0.40963056683540344, 0.6424004435539246]], [[-0.5985193848609924, 0.24609199166297913, 0.7623733878135681], [-0.4701555669307709, -0.878427267074585, -0.08555300533771515], [0.6486356854438782, -0.40963923931121826, 0.6414572596549988]], [[-0.600570023059845, 0.2401631474494934, 0.7626514434814453], [-0.4662405252456665, -0.880066454410553, -0.09001569449901581], [0.6495655179023743, -0.40963977575302124, 0.6405153274536133]], [[-0.6025952696800232, 0.2342243641614914, 0.7629008889198303], [-0.4623127579689026, -0.8816691637039185, -0.09448026865720749], [0.6504966616630554, -0.4096321761608124, 0.6395745873451233]], [[-0.6045952439308167, 0.2282758504152298, 0.7631216049194336], [-0.45837217569351196, -0.8832352757453918, -0.09894667565822601], [0.6514288187026978, -0.4096163809299469, 0.6386351585388184]], [[-0.6065696477890015, 0.22231782972812653, 0.7633137702941895], [-0.45441901683807373, -0.8847647905349731, -0.1034146323800087], [0.6523622274398804, -0.40959250926971436, 0.6376969814300537]], [[-0.6085186004638672, 0.21635055541992188, 0.7634771466255188], [-0.4504535496234894, -0.8862575888633728, -0.10788406431674957], [0.6532967686653137, -0.4095604717731476, 0.6367601752281189]], [[-0.6104418635368347, 0.21037425100803375, 0.763611912727356], [-0.4464757442474365, -0.8877137899398804, -0.11235474050045013], [0.654232382774353, -0.40952029824256897, 0.6358247399330139]], [[-0.6123394966125488, 0.20438922941684723, 0.7637180089950562], [-0.4424860179424286, -0.889133095741272, -0.11682645976543427], [0.6551690101623535, -0.4094720184803009, 0.6348907351493835]], [[-0.61421138048172, 0.19839558005332947, 0.7637953758239746], [-0.4384843111038208, -0.8905156850814819, -0.12129910290241241], [0.6561065912246704, -0.4094155728816986, 0.6339582204818726]], [[-0.6160574555397034, 0.1923936903476715, 0.7638440728187561], [-0.43447086215019226, -0.8918612003326416, -0.1257724016904831], [0.6570451855659485, -0.4093509912490845, 0.633027195930481]], [[-0.6178775429725647, 0.1863837093114853, 0.7638640999794006], [-0.43044576048851013, -0.8931698799133301, -0.13024626672267914], [0.6579846739768982, -0.4092782437801361, 0.6320976614952087]], [[-0.6196717023849487, 0.18036580085754395, 0.7638553977012634], [-0.42640912532806396, -0.894441545009613, -0.13472050428390503], [0.6589249968528748, -0.4091974198818207, 0.6311697363853455]], [[-0.6214397549629211, 0.1743403822183609, 0.7638179659843445], [-0.4223613440990448, -0.8956761360168457, -0.13919496536254883], [0.6598662734031677, -0.4091085195541382, 0.6302433609962463]], [[-0.6231817603111267, 0.16830755770206451, 0.7637519240379333], [-0.41830235719680786, -0.8968736529350281, -0.14366941154003143], [0.6608083248138428, -0.4090113937854767, 0.6293186545372009]], [[-0.6248974800109863, 0.16226769983768463, 0.7636571526527405], [-0.4142325222492218, -0.8980339169502258, -0.14814364910125732], [0.6617511510848999, -0.4089061915874481, 0.628395676612854]], [[-0.6265869140625, 0.15622089803218842, 0.7635336518287659], [-0.41015177965164185, -0.8991571068763733, -0.15261757373809814], [0.6626947522163391, -0.4087929129600525, 0.6274743676185608]], [[-0.6282501220703125, 0.15016746520996094, 0.7633816003799438], [-0.40606042742729187, -0.9002429246902466, -0.157090961933136], [0.6636389493942261, -0.40867146849632263, 0.6265548467636108]], [[-0.6298869848251343, 0.14410759508609772, 0.7632007598876953], [-0.4019585847854614, -0.90129154920578, -0.16156363487243652], [0.6645838618278503, -0.4085419476032257, 0.6256370544433594]], [[-0.6314972043037415, 0.1380416750907898, 0.762991189956665], [-0.39784643054008484, -0.9023028016090393, -0.16603541374206543], [0.6655294299125671, -0.40840432047843933, 0.6247211694717407]], [[-0.6330810189247131, 0.13196976482868195, 0.7627531290054321], [-0.3937241733074188, -0.9032767415046692, -0.17050622403621674], [0.6664755344390869, -0.4082586169242859, 0.6238070726394653]], [[-0.634638249874115, 0.12589213252067566, 0.7624862790107727], [-0.3895919919013977, -0.9042132496833801, -0.17497573792934418], [0.6674221754074097, -0.408104807138443, 0.6228948831558228]], [[-0.6361688375473022, 0.1198091059923172, 0.7621908783912659], [-0.3854498565196991, -0.9051123857498169, -0.17944389581680298], [0.6683694124221802, -0.4079429507255554, 0.621984601020813]], [[-0.6376726031303406, 0.11372087895870209, 0.7618668079376221], [-0.3812980353832245, -0.9059739112854004, -0.18391042947769165], [0.6693171262741089, -0.4077729880809784, 0.6210763454437256]], [[-0.6391497254371643, 0.10762760043144226, 0.7615141272544861], [-0.377136766910553, -0.9067980647087097, -0.18837520480155945], [0.6702651381492615, -0.4075949788093567, 0.6201700568199158]], [[-0.6406000256538391, 0.10152968764305115, 0.7611328363418579], [-0.3729662001132965, -0.907584547996521, -0.19283801317214966], [0.6712137460708618, -0.4074088931083679, 0.6192657947540283]], [[-0.6420234441757202, 0.09542727470397949, 0.7607230544090271], [-0.36878636479377747, -0.9083335995674133, -0.1972987949848175], [0.6721625328063965, -0.4072147607803345, 0.6183636784553528]], [[-0.6434198021888733, 0.08932065963745117, 0.7602845430374146], [-0.3645976781845093, -0.9090449213981628, -0.20175719261169434], [0.6731117367744446, -0.40701261162757874, 0.6174635887145996]], [[-0.6447892785072327, 0.08321002870798111, 0.7598176002502441], [-0.3604000210762024, -0.9097186326980591, -0.20621314644813538], [0.6740612387657166, -0.40680232644081116, 0.6165657639503479]], [[-0.646131694316864, 0.07709556818008423, 0.7593220472335815], [-0.35619375109672546, -0.9103546738624573, -0.21066655218601227], [0.6750109791755676, -0.4065840542316437, 0.6156700253486633]], [[-0.6474469900131226, 0.07097776234149933, 0.7587980031967163], [-0.35197901725769043, -0.9109530448913574, -0.2151169776916504], [0.675960898399353, -0.4063577950000763, 0.6147764921188354]], [[-0.6487351655960083, 0.06485657393932343, 0.7582455277442932], [-0.3477558493614197, -0.9115137457847595, -0.2195644974708557], [0.6769109964370728, -0.406123548746109, 0.6138852834701538]], [[-0.6499960422515869, 0.05873239040374756, 0.7576645016670227], [-0.3435245752334595, -0.9120367169380188, -0.22400885820388794], [0.6778613328933716, -0.40588125586509705, 0.6129962801933289]], [[-0.651229739189148, 0.05260547250509262, 0.7570550441741943], [-0.3392852544784546, -0.9125218391418457, -0.22844980657100677], [0.6788116693496704, -0.4056309461593628, 0.6121096611022949]], [[-0.6524361968040466, 0.04647594690322876, 0.7564171552658081], [-0.3350381553173065, -0.9129692912101746, -0.23288726806640625], [0.679762065410614, -0.4053727090358734, 0.611225426197052]], [[-0.6536152362823486, 0.04034404829144478, 0.7557508945465088], [-0.33078333735466003, -0.9133789539337158, -0.23732106387615204], [0.6807124614715576, -0.40510648488998413, 0.6103435158729553]], [[-0.654766857624054, 0.034210171550512314, 0.7550562620162964], [-0.3265210688114166, -0.9137508273124695, -0.24175095558166504], [0.681662917137146, -0.40483230352401733, 0.6094640493392944]], [[-0.6558911204338074, 0.028074489906430244, 0.7543332576751709], [-0.3222513794898987, -0.914084792137146, -0.2461767941713333], [0.6826132535934448, -0.40455010533332825, 0.6085870862007141]], [[-0.656987726688385, 0.021937213838100433, 0.7535818815231323], [-0.3179745674133301, -0.9143810272216797, -0.2505984604358673], [0.6835635900497437, -0.40425997972488403, 0.6077125668525696]], [[-0.658056914806366, 0.015798572450876236, 0.752802312374115], [-0.31369075179100037, -0.9146392941474915, -0.25501567125320435], [0.6845138072967529, -0.40396201610565186, 0.6068406701087952]], [[-0.6590985655784607, 0.009658871218562126, 0.7519944906234741], [-0.30940014123916626, -0.9148597717285156, -0.25942832231521606], [0.6854637861251831, -0.4036560356616974, 0.6059712767601013]], [[-0.6601126194000244, 0.0035183285363018513, 0.7511584162712097], [-0.3051028251647949, -0.9150424599647522, -0.26383623480796814], [0.686413586139679, -0.40334221720695496, 0.6051045060157776]], [[-0.6610988974571228, -0.002622762229293585, 0.7502941489219666], [-0.3007991313934326, -0.9151871800422668, -0.26823920011520386], [0.6873631477355957, -0.4030204713344574, 0.604240357875824]], [[-0.6620575189590454, -0.008764274418354034, 0.7494016885757446], [-0.29648908972740173, -0.9152941107749939, -0.27263712882995605], [0.6883124709129333, -0.4026908874511719, 0.6033788919448853]], [[-0.6629884839057922, -0.014905868098139763, 0.7484811544418335], [-0.2921728193759918, -0.915363073348999, -0.27702972292900085], [0.6892614364624023, -0.4023533761501312, 0.6025201082229614]], [[-0.663891613483429, -0.02104729786515236, 0.7475324869155884], [-0.28785064816474915, -0.9153941869735718, -0.2814168632030487], [0.6902100443840027, -0.402008056640625, 0.6016640663146973]], [[-0.6647669672966003, -0.027188435196876526, 0.7465558052062988], [-0.28352275490760803, -0.9153874516487122, -0.28579846024513245], [0.6911582350730896, -0.4016548991203308, 0.6008107662200928]], [[-0.6656144261360168, -0.03332897275686264, 0.7455511093139648], [-0.2791890799999237, -0.9153427481651306, -0.2901742458343506], [0.6921060681343079, -0.40129387378692627, 0.5999603867530823]], [[-0.666434109210968, -0.03946860134601593, 0.7445184588432312], [-0.27484995126724243, -0.9152602553367615, -0.2945440113544464], [0.6930534243583679, -0.4009250998497009, 0.5991126894950867]], [[-0.6672258377075195, -0.045606981962919235, 0.7434578537940979], [-0.2705056667327881, -0.9151397943496704, -0.2989075779914856], [0.694000244140625, -0.40054845809936523, 0.5982679724693298]], [[-0.6679896116256714, -0.051744233816862106, 0.7423694133758545], [-0.26615622639656067, -0.9149816036224365, -0.30326494574546814], [0.6949464678764343, -0.40016409754753113, 0.597426176071167]], [[-0.6687254309654236, -0.057879846543073654, 0.7412530183792114], [-0.2618018388748169, -0.9147853851318359, -0.30761584639549255], [0.6958922743797302, -0.39977192878723145, 0.5965872406959534]], [[-0.6694332957267761, -0.06401360780000687, 0.7401089072227478], [-0.2574425935745239, -0.9145514369010925, -0.31196004152297974], [0.6968373656272888, -0.39937201142311096, 0.5957512855529785]], [[-0.6701131463050842, -0.07014535367488861, 0.7389370203018188], [-0.25307875871658325, -0.914279580116272, -0.31629741191864014], [0.6977818012237549, -0.39896440505981445, 0.5949183702468872]], [[-0.6707649827003479, -0.07627478241920471, 0.7377374768257141], [-0.24871060252189636, -0.913969874382019, -0.32062774896621704], [0.6987256407737732, -0.39854896068573, 0.5940885543823242]], [[-0.671388566493988, -0.08240155875682831, 0.7365102171897888], [-0.24433813989162445, -0.9136223196983337, -0.32495102286338806], [0.6996686458587646, -0.3981259763240814, 0.59326171875]], [[-0.6719841957092285, -0.08852556347846985, 0.7352554202079773], [-0.23996156454086304, -0.9132370352745056, -0.32926687598228455], [0.7006109356880188, -0.3976951837539673, 0.5924380421638489]], [[-0.6725516319274902, -0.09464673697948456, 0.7339728474617004], [-0.23558108508586884, -0.9128137826919556, -0.3335753381252289], [0.7015524506568909, -0.3972567319869995, 0.5916174650192261]], [[-0.6730909943580627, -0.10076438635587692, 0.7326629757881165], [-0.23119689524173737, -0.9123529195785522, -0.33787596225738525], [0.7024931311607361, -0.3968106508255005, 0.5908001065254211]], [[-0.6736021637916565, -0.10687858611345291, 0.7313255667686462], [-0.22680909931659698, -0.9118542671203613, -0.34216877818107605], [0.7034328579902649, -0.3963569104671478, 0.5899859070777893]], [[-0.6740850806236267, -0.11298896372318268, 0.7299607992172241], [-0.22241798043251038, -0.9113178849220276, -0.34645357728004456], [0.7043716907501221, -0.3958956003189087, 0.5891749262809753]], [[-0.6745397448539734, -0.11909547448158264, 0.7285686135292053], [-0.21802359819412231, -0.9107436537742615, -0.3507302403450012], [0.7053096294403076, -0.3954267203807831, 0.5883672833442688]], [[-0.6749663352966309, -0.12519758939743042, 0.7271491885185242], [-0.21362623572349548, -0.9101318120956421, -0.35499849915504456], [0.7062464952468872, -0.3949502110481262, 0.5875628590583801]], [[-0.6753647327423096, -0.131295308470726, 0.7257024645805359], [-0.20922592282295227, -0.9094823002815247, -0.3592582046985626], [0.7071825265884399, -0.3944660723209381, 0.5867618322372437]], [[-0.6757346987724304, -0.13738833367824554, 0.72422856092453], [-0.20482300221920013, -0.9087950587272644, -0.36350929737091064], [0.7081173062324524, -0.39397451281547546, 0.5859640836715698]], [[-0.6760765314102173, -0.14347624778747559, 0.7227275371551514], [-0.20041754841804504, -0.9080703258514404, -0.36775150895118713], [0.7090510725975037, -0.39347538352012634, 0.5851697325706482]], [[-0.6763898730278015, -0.14955902099609375, 0.7211995124816895], [-0.19600971043109894, -0.9073079228401184, -0.3719846308231354], [0.7099836468696594, -0.3929687738418579, 0.5843788981437683]], [[-0.676675021648407, -0.15563629567623138, 0.7196444272994995], [-0.1915997713804245, -0.9065079689025879, -0.37620848417282104], [0.7109151482582092, -0.3924546539783478, 0.5835914611816406]], [[-0.6769320368766785, -0.16170789301395416, 0.7180623412132263], [-0.18718776106834412, -0.9056704640388489, -0.38042303919792175], [0.711845338344574, -0.39193305373191833, 0.5828076004981995]], [[-0.6771605014801025, -0.16777361929416656, 0.716453492641449], [-0.18277396261692047, -0.9047955870628357, -0.38462817668914795], [0.7127743363380432, -0.39140406250953674, 0.5820271372795105]], [[-0.6773607730865479, -0.17383307218551636, 0.7148176431655884], [-0.1783585548400879, -0.9038829803466797, -0.38882341980934143], [0.7137019634246826, -0.39086759090423584, 0.5812503099441528]], [[-0.6775326728820801, -0.17988625168800354, 0.7131552696228027], [-0.17394155263900757, -0.9029331803321838, -0.39300891757011414], [0.7146284580230713, -0.39032378792762756, 0.5804769992828369]], [[-0.6776761412620544, -0.18593259155750275, 0.7114660143852234], [-0.1695234775543213, -0.9019458889961243, -0.3971843719482422], [0.7155534625053406, -0.38977253437042236, 0.5797072649002075]], [[-0.6777913570404053, -0.19197213649749756, 0.709750235080719], [-0.16510413587093353, -0.9009212255477905, -0.4013495445251465], [0.71647709608078, -0.38921403884887695, 0.578941285610199]], [[-0.677878201007843, -0.1980046182870865, 0.7080078721046448], [-0.16068385541439056, -0.8998593688011169, -0.4055044651031494], [0.7173994183540344, -0.3886480927467346, 0.578178882598877]], [[-0.6779367327690125, -0.20402953028678894, 0.7062391042709351], [-0.15626287460327148, -0.898760199546814, -0.40964874625205994], [0.7183200716972351, -0.3880748748779297, 0.5774202346801758]], [[-0.6779667735099792, -0.21004702150821686, 0.7044438719749451], [-0.1518411934375763, -0.8976237177848816, -0.4137824475765228], [0.719239354133606, -0.3874943256378174, 0.5766652822494507]], [[-0.6779685616493225, -0.21605655550956726, 0.7026222348213196], [-0.14741909503936768, -0.8964501023292542, -0.41790521144866943], [0.7201570272445679, -0.38690659403800964, 0.5759141445159912]], [[-0.6779419779777527, -0.22205808758735657, 0.7007744312286377], [-0.14299684762954712, -0.8952393531799316, -0.42201706767082214], [0.7210732102394104, -0.3863115608692169, 0.5751667618751526]], [[-0.6778870224952698, -0.22805127501487732, 0.6989004015922546], [-0.138574481010437, -0.8939915895462036, -0.4261176586151123], [0.7219877243041992, -0.38570934534072876, 0.5744231939315796]], [[-0.6778036952018738, -0.23403595387935638, 0.6970001459121704], [-0.13415215909481049, -0.8927066922187805, -0.43020692467689514], [0.7229005694389343, -0.38509994745254517, 0.5736834406852722]], [[-0.6776919960975647, -0.24001173675060272, 0.6950739026069641], [-0.1297302097082138, -0.8913847804069519, -0.4342847168445587], [0.7238118052482605, -0.38448333740234375, 0.57294762134552]], [[-0.6775519847869873, -0.24597854912281036, 0.6931217312812805], [-0.1253085881471634, -0.8900260925292969, -0.43835070729255676], [0.7247213125228882, -0.3838595449924469, 0.572215735912323]], [[-0.6773837208747864, -0.2519361674785614, 0.6911435127258301], [-0.12088761478662491, -0.8886303901672363, -0.4424050450325012], [0.7256290316581726, -0.38322868943214417, 0.5714877843856812]], [[-0.6771870255470276, -0.2578841745853424, 0.6891396641731262], [-0.11646749824285507, -0.8871979117393494, -0.4464474320411682], [0.7265350222587585, -0.38259071111679077, 0.5707637071609497]], [[-0.6769618988037109, -0.26382237672805786, 0.6871100068092346], [-0.11204846203327179, -0.8